57
22172 19844 -17270 -8991 1144 -956 12246 -16810 -10870 7309 -4398 -7363 4087 -681 2755 1275 3288 -502 -21182 9216 1527 11595 -18658 -4964 5263 -4571 25262 7107 2038 -5981 -7021 -822 -15561 -11547 19941 8454 22681 -6250 15072 -1438 8736 9953 -24340 2539 7660 18125 22303 -9406 23968 10 -17351 3583 -8287 11309 9466 -18928 12629 
19844 28077 14445 2652 -25358 12368 -22211 -989 10475 4149 -27241 18439 -7803 19322 -24323 3786 -8473 -27878 -18926 -8150 2570 -17551 -9551 981 3295 3528 23022 16563 -10004 -2118 -14586 5045 -9390 -8810 -7102 3846 -17078 -9047 202 -7502 -10224 -11650 -6041 -10308 -13509 1553 2098 20134 -4988 -10270 -3267 -26010 -28661 -6643 -1509 22726 28653 
-17270 14445 2493 11943 -7658 -3563 24374 12907 17668 -17980 8659 -18783 12670 -2597 5040 183 -7269 16118 -1934 5238 -15689 20963 6929 17007 -6780 -19220 14340 3940 -14564 2457 5866 -612 -5129 18397 -6512 18730 15826 -6214 -18815 12327 -4717 17985 -20242 -6190 12803 -9441 18 -6234 17050 7039 4619 15204 -2787 12146 -18926 -27379 -4807 
-8991 2652 11943 -1043 1578 616 17766 7603 8889 -2367 -4511 -8255 -18010 8400 5630 -7649 3217 -16110 6201 -5614 1378 14293 20173 -17497 -21288 -9767 16411 8863 -6024 7130 -4106 3040 9990 2580 11622 -10176 -5548 2218 16476 -9773 25999 25096 -7593 13468 -20739 12339 -2836 9148 19482 13824 -3756 -5125 -22710 17738 5079 3283 17860 
1144 -25358 -7658 1578 -4408 -3241 13597 1079 3984 -4575 4382 -12130 -9253 16660 -7825 8056 -5543 -3401 -3767 -16240 6120 -7146 17072 19394 -21751 -15298 -3454 -3830 29000 270 -4871 25454 -23132 8845 -10847 -8208 -2368 17830 -12875 22873 3127 -19627 3062 -9717 -3661 -9918 232 -19287 -10476 -20265 2695 9416 7281 -5707 618 -30587 10516 
-956 12368 -3563 616 -3241 17075 5997 8868 -12090 9151 -11878 -6794 -3034 10897 -22130 -20443 7916 11654 16000 -2485 -7480 407 -8108 17532 -20108 -4072 -23209 228 -13296 -5021 23283 -12990 20979 11898 -933 9064 -4645 -8298 -7670 3359 -5987 3487 -6827 -24457 12347 -23906 15063 12691 10867 9496 -12589 -3358 -3657 3684 -2429 1208 -7276 
12246 -22211 24374 17766 13597 5997 7671 6131 -8982 -730 -934 10214 -13885 -115 -15610 21920 6265 10872 25605 -5925 1568 7576 4367 4364 10266 21615 -21655 9234 23521 5204 5456 -24381 18627 13788 6096 26225 -9592 -20807 22523 6766 -23537 2310 7844 15458 8406 -17139 -646 -3415 -11142 -21909 9375 8087 -12520 13746 937 -10066 9645 
-16810 -989 12907 7603 1079 8868 6131 2960 -25759 10077 5012 825 22371 23305 9224 -23225 -21048 30493 -55 -16976 25489 14388 21731 22784 31857 14741 -20998 21137 13685 -7437 13524 1332 16439 17462 -3093 10042 19831 15394 6604 8974 -16858 -12551 -13942 1305 -26151 6661 2818 -8141 -20033 -9955 -2519 -11916 7919 -1273 15412 5243 4924 
-10870 10475 17668 8889 3984 -12090 -8982 -25759 1372 -14871 -4508 11584 -6322 4463 -5085 10833 4574 -6312 -23735 1935 -7222 -16241 -16998 -10858 -7895 25358 -12659 -12781 -16493 19197 9097 1011 -17089 -12230 -1639 20882 -17913 -25254 -7286 -4661 -28312 -10983 -3195 -26371 15463 2871 779 -9467 19057 -572 -17304 21281 18463 17375 -12142 -23858 13041 
7309 4149 -17980 -2367 -4575 9151 -730 10077 -14871 6059 -2978 800 -20336 -4300 -2501 13910 7448 -460 -6561 20012 -8485 -7637 706 -6702 -14548 13802 -23937 -17954 -17382 1405 -9150 19861 -13828 10505 -27475 7329 -23194 5024 18338 -26062 -31594 -21770 -6249 1688 -181 -15085 -19022 -5046 -5097 -3852 -518 23897 -1521 14103 -21916 21080 3578 
-4398 -27241 8659 -4511 4382 -11878 -934 5012 -4508 -2978 27516 1407 -8461 5567 14293 2781 15967 -14062 -1209 -1668 15131 -28212 -11317 4584 15491 -11108 17035 -8501 -10429 -11244 15611 -14154 5070 16471 -7062 -7948 -20539 6464 -250 15415 26965 -4126 5457 15941 -5245 -9072 24319 -16503 -1446 17993 -3509 -618 1571 24726 -3917 -12375 -11143 
-7363 18439 -18783 -8255 -12130 -6794 10214 825 11584 800 1407 -18309 -10269 6955 -667 1864 -22601 13522 12402 19190 -20812 7273 2513 -16570 3655 1577 7414 2900 9048 2224 -77 8585 -2007 21762 1913 -786 -18504 -1163 -5494 27879 6533 651 -4074 -6022 1230 -25396 -7593 -22041 -3527 -11658 -630 7106 23276 -973 7909 -6015 -13283 
4087 -7803 12670 -18010 -9253 -3034 -13885 22371 -6322 -20336 -8461 -10269 -15622 530 3015 4805 5572 7478 -631 904 13454 -17539 873 -3380 18262 18107 6531 1183 -1139 9168 17914 15879 13302 -9631 -7064 -3480 -9104 34 -19520 6619 169 9341 -9825 -7822 -13099 -15943 22034 20083 -22727 123 -21818 -10889 -26175 -7469 -16220 -12669 -13709 
-681 19322 -2597 8400 16660 10897 -115 23305 4463 -4300 5567 6955 530 6953 -3162 -19864 2706 23331 -2798 -19132 -10786 -437 -5882 -14443 3575 -19365 2808 -4722 -14037 -2305 18402 -11606 -15967 7414 -5013 -5996 5139 787 20463 17818 2040 -16309 -2166 11131 -20449 -7785 13317 26542 -1352 13015 -14918 1567 -28720 8610 6499 5959 9524 
2755 -24323 5040 5630 -7825 -22130 -15610 9224 -5085 -2501 14293 -667 3015 -3162 5101 16429 6193 1774 -8927 11430 1500 -12184 -1736 -11075 5926 -13578 584 1426 -19780 -32297 -14457 -1878 5766 13743 7837 -13839 2000 -28948 -6044 8109 -4252 -7798 19484 17778 6294 -18598 29710 -32026 21050 7594 -8548 -111 14483 -1176 7871 3220 -2265 
1275 3786 183 -7649 8056 -20443 21920 -23225 10833 13910 2781 1864 4805 -19864 16429 10255 2154 -24460 -6752 -2688 -27130 10769 -6044 15769 1707 12146 -987 -13964 -2713 -11251 1737 -18753 247 -1680 -22963 -4513 -28699 23154 30641 -1166 -24814 -9650 11997 -25665 -1613 13485 -11664 10910 440 17328 -2432 -12452 -2141 6353 -9898 8166 -1830 
3288 -8473 -7269 3217 -5543 7916 6265 -21048 4574 7448 15967 -22601 5572 2706 6193 2154 27440 -2270 -27806 25675 -8848 10151 -1993 13282 -16449 -15894 12833 -2886 -21190 -16407 -14963 2591 1153 -9468 -4172 -14798 7748 -7301 25659 22902 2233 10842 -3508 24167 -28917 25306 -21492 14811 -9299 10285 -3180 4472 3244 7354 6231 8449 6374 
-502 -27878 16118 -16110 -3401 11654 10872 30493 -6312 -460 -14062 13522 7478 23331 1774 -24460 -2270 -24415 9159 -8948 -20875 475 20338 -5109 590 -3127 -19176 -15640 16752 13480 -7407 17915 -9564 -13768 -25960 -5331 -14568 15621 9361 3984 -5810 8370 -16299 1924 -10638 17943 20314 -1483 -16090 -916 -5921 -7793 1210 20042 -30601 -12371 -26662 
-21182 -18926 -1934 6201 -3767 16000 25605 -55 -23735 -6561 -1209 12402 -631 -2798 -8927 -6752 -27806 9159 1296 -4753 16993 -14117 -5293 2186 -10827 3848 -260 15415 -22893 20771 15766 13337 -11609 -25788 -5327 -1684 695 11992 -21791 16449 16251 184 8117 27043 -21655 -12384 284 25511 104 12319 -10836 6267 -18296 13046 -12434 9555 -12152 
9216 -8150 5238 -5614 -16240 -2485 -5925 -16976 1935 20012 -1668 19190 904 -19132 11430 -2688 25675 -8948 -4753 22636 -1200 -1767 -8141 28971 -11782 -10217 -290 -3574 -12173 -15543 -2030 -7755 -13372 3643 24038 14879 -8875 6453 4395 -7480 -17351 20629 -14070 -10643 -3607 3871 -8038 -2766 12654 -1986 -6818 19519 -8198 26410 27068 -7238 9713 
1527 2570 -15689 1378 6120 -7480 1568 25489 -7222 -8485 15131 -20812 13454 -10786 1500 -27130 -8848 -20875 16993 -1200 -7953 8421 10147 2078 -2729 -9014 -7638 -3148 8929 -1613 1544 4217 4444 18089 -3289 -24839 11542 20457 -6031 -18090 28444 -240 4770 -3555 4962 -6982 -4208 -13845 11228 -18287 2256 -25312 1925 -6967 20715 -19857 27744 
11595 -17551 20963 14293 -7146 407 7576 14388 -16241 -7637 -28212 7273 -17539 -437 -12184 10769 10151 475 -14117 -1767 8421 -1398 3743 -10489 -976 -2334 11000 5351 4125 10494 -7603 -1130 6475 2065 17653 27997 14256 -5034 -16013 23507 6311 -7290 -6428 14623 -12024 4427 26241 -6447 -13641 -8030 7935 -9458 -7012 -11489 1238 -714 11272 
-18658 -9551 6929 20173 17072 -8108 4367 21731 -16998 706 -11317 2513 873 -5882 -1736 -6044 -1993 20338 -5293 -8141 10147 3743 5918 -15715 17962 10599 7057 -1199 211 -12532 17877 9668 10544 -894 8309 25910 3406 3759 9807 4527 292 -9422 -28332 14690 -17642 -13532 -12638 -7675 5748 23875 -5350 6932 -15644 -27495 -27809 -1521 -4169 
-4964 981 17007 -17497 19394 17532 4364 22784 -10858 -6702 4584 -16570 -3380 -14443 -11075 15769 13282 -5109 2186 28971 2078 -10489 -15715 13355 -11370 -21372 17349 -3658 14803 -11538 -20393 -10918 -10306 -14613 -11759 -14521 -6422 -13536 -5980 13838 4973 4992 -11506 10645 5462 4569 14058 5244 16023 -9135 -5443 3318 11359 -21804 17945 -8691 4838 
5263 3295 -6780 -21288 -21751 -20108 10266 31857 -7895 -14548 15491 3655 18262 3575 5926 1707 -16449 590 -10827 -11782 -2729 -976 17962 -11370 -3362 21522 -21142 -11481 -10216 -16221 15548 -8165 -9267 19297 13174 1038 10943 12281 85 -4618 -6365 2437 16316 -741 13696 -904 -7491 9237 10397 26851 -8322 -6737 9012 -9668 22056 -2887 20160 
-4571 3528 -19220 -9767 -15298 -4072 21615 14741 25358 13802 -11108 1577 18107 -19365 -13578 12146 -15894 -3127 3848 -10217 -9014 -2334 10599 -21372 21522 8596 -7804 8590 19565 3149 12383 4358 -15512 3085 -2285 11302 -1504 -29015 23490 12459 -358 2917 -32530 -3136 -26451 -13904 -23399 -1018 -7603 -1356 11130 9221 25671 -11532 2820 -23010 -16791 
25262 23022 14340 16411 -3454 -23209 -21655 -20998 -12659 -23937 17035 7414 6531 2808 584 -987 12833 -19176 -260 -290 -7638 11000 7057 17349 -21142 -7804 -6027 10043 7256 -7898 5113 -6475 8559 -9762 17729 -26652 -1994 6559 4748 9974 24879 14530 26039 4346 10627 12844 -10203 -8589 6710 5052 6414 -3871 -10665 11567 6464 7225 22293 
7107 16563 3940 8863 -3830 228 9234 21137 -12781 -17954 -8501 2900 1183 -4722 1426 -13964 -2886 -15640 15415 -3574 -3148 5351 -1199 -3658 -11481 8590 10043 -1119 13927 -6961 4641 -13920 -24297 1227 9179 17524 -3574 -25125 2192 -10640 2859 15347 14752 -303 6507 476 -17598 14943 376 5095 -5505 1424 -24115 23457 4910 18684 323 
2038 -10004 -14564 -6024 29000 -13296 23521 13685 -16493 -17382 -10429 9048 -1139 -14037 -19780 -2713 -21190 16752 -22893 -12173 8929 4125 211 14803 -10216 19565 7256 13927 -844 10291 -4223 -14892 -9503 -12347 -3747 14606 -11165 -16579 -10392 2715 2272 24106 23998 17716 25421 27970 -8643 -613 -14707 8945 16040 -2384 4589 -2220 -6817 10902 -17237 
-5981 -2118 2457 7130 270 -5021 5204 -7437 19197 1405 -11244 2224 9168 -2305 -32297 -11251 -16407 13480 20771 -15543 -1613 10494 -12532 -11538 -16221 3149 -7898 -6961 10291 -9301 -10916 -5019 -8368 20732 6470 1927 3250 -13460 -5890 5608 6983 -12996 11246 3811 12083 5257 10237 -11560 -11953 5414 5234 -23828 -3942 5225 19912 29730 8491 
-7021 -14586 5866 -4106 -4871 23283 5456 13524 9097 -9150 15611 -77 17914 18402 -14457 1737 -14963 -7407 15766 -2030 1544 -7603 17877 -20393 15548 12383 5113 4641 -4223 -10916 -2117 -6851 20467 -18476 12277 18386 -20781 3937 -20868 -1695 6329 2622 -7128 4481 31327 -12663 6961 -16203 -21293 -24522 7992 -3792 10839 -14302 7365 -10868 17227 
-822 5045 -612 3040 25454 -12990 -24381 1332 1011 19861 -14154 8585 15879 -11606 -1878 -18753 2591 17915 13337 -7755 4217 -1130 9668 -10918 -8165 4358 -6475 -13920 -14892 -5019 -6851 2690 12298 19956 -1886 -6449 8615 16471 -5330 -7646 -779 9374 -5947 14141 -16351 19059 17986 3786 15450 12744 21198 8868 -12094 -13125 -1140 7596 9116 
-15561 -9390 -5129 9990 -23132 20979 18627 16439 -17089 -13828 5070 -2007 13302 -15967 5766 247 1153 -9564 -11609 -13372 4444 6475 10544 -10306 -9267 -15512 8559 -24297 -9503 -8368 20467 12298 -3472 4593 6302 25817 -13976 6480 17329 -10156 26672 -16905 -298 31876 -31747 -2227 -20417 -11647 5394 25094 11875 -7947 9768 24671 3174 -381 -882 
-11547 -8810 18397 2580 8845 11898 13788 17462 -12230 10505 16471 21762 -9631 7414 13743 -1680 -9468 -13768 -25788 3643 18089 2065 -894 -14613 19297 3085 -9762 1227 -12347 20732 -18476 19956 4593 7673 1964 20875 18106 -5418 -14873 5089 -15018 -2244 17454 13577 -20870 3302 -13988 11737 -16723 -3906 -1575 570 -8842 14562 7479 -3187 6918 
19941 -7102 -6512 11622 -10847 -933 6096 -3093 -1639 -27475 -7062 1913 -7064 -5013 7837 -22963 -4172 -25960 -5327 24038 -3289 17653 8309 -11759 13174 -2285 17729 9179 -3747 6470 12277 -1886 6302 1964 -14981 3624 3665 9012 3848 20353 5154 -1922 13684 14293 18977 10898 1626 16084 -11855 7265 463 22549 -14815 -12704 -2647 20231 4685 
8454 3846 18730 -10176 -8208 9064 26225 10042 20882 7329 -7948 -786 -3480 -5996 -13839 -4513 -14798 -5331 -1684 14879 -24839 27997 25910 -14521 1038 11302 -26652 17524 14606 1927 18386 -6449 25817 20875 3624 -14073 30006 -5677 -20090 17246 1113 -7947 4806 -5498 -2317 -7119 -1443 7852 2709 3714 796 -6062 -11195 -3195 9863 -7352 11406 
22681 -17078 15826 -5548 -2368 -4645 -9592 19831 -17913 -23194 -20539 -18504 -9104 5139 2000 -28699 7748 -14568 695 -8875 11542 14256 3406 -6422 10943 -1504 -1994 -3574 -11165 3250 -20781 8615 -13976 18106 3665 30006 -3454 -5927 9410 19702 -13377 -19094 21043 -6036 -252 -6446 7032 15508 5466 12796 1739 16792 -1625 -11598 18588 -17978 -27231 
-6250 -9047 -6214 2218 17830 -8298 -20807 15394 -25254 5024 6464 -1163 34 787 -28948 23154 -7301 15621 11992 6453 20457 -5034 3759 -13536 12281 -29015 6559 -25125 -16579 -13460 3937 16471 6480 -5418 9012 -5677 -5927 -4891 -636 -11657 -30473 -2083 15289 12992 -2207 15005 676 -2014 11741 -21615 3169 24437 13512 -27760 -4695 -3542 1595 
15072 202 -18815 16476 -12875 -7670 22523 6604 -7286 18338 -250 -5494 -19520 20463 -6044 30641 25659 9361 -21791 4395 -6031 -16013 9807 -5980 85 23490 4748 2192 -10392 -5890 -20868 -5330 17329 -14873 3848 -20090 9410 -636 3622 -15310 -17901 4970 -7433 5021 25859 12328 2107 17444 21890 -515 10386 -8847 -18501 17760 -14671 22519 -13741 
-1438 -7502 12327 -9773 22873 3359 6766 8974 -4661 -26062 15415 27879 6619 17818 8109 -1166 22902 3984 16449 -7480 -18090 23507 4527 13838 -4618 12459 9974 -10640 2715 5608 -1695 -7646 -10156 5089 20353 17246 19702 -11657 -15310 -8342 -4631 21557 5941 -14889 5613 -9235 -17722 -5371 28544 16231 21281 12610 12518 20148 20284 7682 -580 
8736 -10224 -4717 25999 3127 -5987 -23537 -16858 -28312 -31594 26965 6533 169 2040 -4252 -24814 2233 -5810 16251 -17351 28444 6311 292 4973 -6365 -358 24879 2859 2272 6983 6329 -779 26672 -15018 5154 1113 -13377 -30473 -17901 -4631 1012 -9332 -19691 10387 -7384 -15594 -2516 -5526 -20132 20018 7938 -5895 13426 -19545 -14868 7020 -6434 
9953 -11650 17985 25096 -19627 3487 2310 -12551 -10983 -21770 -4126 651 9341 -16309 -7798 -9650 10842 8370 184 20629 -240 -7290 -9422 4992 2437 2917 14530 15347 24106 -12996 2622 9374 -16905 -2244 -1922 -7947 -19094 -2083 4970 21557 -9332 1251 4453 -6754 214 -22196 -2544 -7089 7649 -14345 9352 6698 -23164 8292 -319 -427 3986 
-24340 -6041 -20242 -7593 3062 -6827 7844 -13942 -3195 -6249 5457 -4074 -9825 -2166 19484 11997 -3508 -16299 8117 -14070 4770 -6428 -28332 -11506 16316 -32530 26039 14752 23998 11246 -7128 -5947 -298 17454 13684 4806 21043 15289 -7433 5941 -19691 4453 30090 7748 -496 -6222 15992 -1986 -10939 17867 7627 -5146 -5390 -4571 19621 19694 -16161 
2539 -10308 -6190 13468 -9717 -24457 15458 1305 -26371 1688 15941 -6022 -7822 11131 17778 -25665 24167 1924 27043 -10643 -3555 14623 14690 10645 -741 -3136 4346 -303 17716 3811 4481 14141 31876 13577 14293 -5498 -6036 12992 5021 -14889 10387 -6754 7748 2793 -16736 -1590 -15749 6102 1411 11672 -17950 3492 -11330 -4797 -1132 -8680 -2351 
7660 -13509 12803 -20739 -3661 12347 8406 -26151 15463 -181 -5245 1230 -13099 -20449 6294 -1613 -28917 -10638 -21655 -3607 4962 -12024 -17642 5462 13696 -26451 10627 6507 25421 12083 31327 -16351 -31747 -20870 18977 -2317 -252 -2207 25859 5613 -7384 214 -496 -16736 11633 7524 -5855 13922 -11566 24719 7221 8643 -3105 -16479 15808 20299 24077 
18125 1553 -9441 12339 -9918 -23906 -17139 6661 2871 -15085 -9072 -25396 -15943 -7785 -18598 13485 25306 17943 -12384 3871 -6982 4427 -13532 4569 -904 -13904 12844 476 27970 5257 -12663 19059 -2227 3302 10898 -7119 -6446 15005 12328 -9235 -15594 -22196 -6222 -1590 7524 8023 -27357 11147 18496 -11375 -1641 17131 4772 6943 8806 1516 5463 
22303 2098 18 -2836 232 15063 -646 2818 779 -19022 24319 -7593 22034 13317 29710 -11664 -21492 20314 284 -8038 -4208 26241 -12638 14058 -7491 -23399 -10203 -17598 -8643 10237 6961 17986 -20417 -13988 1626 -1443 7032 676 2107 -17722 -2516 -2544 15992 -15749 -5855 -27357 17595 -6654 -6858 -12646 -4790 -2074 8285 1076 -12962 7875 -7750 
-9406 20134 -6234 9148 -19287 12691 -3415 -8141 -9467 -5046 -16503 -22041 20083 26542 -32026 10910 14811 -1483 25511 -2766 -13845 -6447 -7675 5244 9237 -1018 -8589 14943 -613 -11560 -16203 3786 -11647 11737 16084 7852 15508 -2014 17444 -5371 -5526 -7089 -1986 6102 13922 11147 -6654 -17618 -13050 -13060 -27482 -15824 12652 5488 -11463 -4402 -7038 
23968 -4988 17050 19482 -10476 10867 -11142 -20033 19057 -5097 -1446 -3527 -22727 -1352 21050 440 -9299 -16090 104 12654 11228 -13641 5748 16023 10397 -7603 6710 376 -14707 -11953 -21293 15450 5394 -16723 -11855 2709 5466 11741 21890 28544 -20132 7649 -10939 1411 -11566 18496 -6858 -13050 6724 -8058 24727 6120 -11899 22796 -2537 1282 -12611 
10 -10270 7039 13824 -20265 9496 -21909 -9955 -572 -3852 17993 -11658 123 13015 7594 17328 10285 -916 12319 -1986 -18287 -8030 23875 -9135 26851 -1356 5052 5095 8945 5414 -24522 12744 25094 -3906 7265 3714 12796 -21615 -515 16231 20018 -14345 17867 11672 24719 -11375 -12646 -13060 -8058 -20917 -1895 10836 -15825 13894 9166 5462 -22937 
-17351 -3267 4619 -3756 2695 -12589 9375 -2519 -17304 -518 -3509 -630 -21818 -14918 -8548 -2432 -3180 -5921 -10836 -6818 2256 7935 -5350 -5443 -8322 11130 6414 -5505 16040 5234 7992 21198 11875 -1575 463 796 1739 3169 10386 21281 7938 9352 7627 -17950 7221 -1641 -4790 -27482 24727 -1895 -23707 -2397 1114 7326 9909 -1638 -27144 
3583 -26010 15204 -5125 9416 -3358 8087 -11916 21281 23897 -618 7106 -10889 1567 -111 -12452 4472 -7793 6267 19519 -25312 -9458 6932 3318 -6737 9221 -3871 1424 -2384 -23828 -3792 8868 -7947 570 22549 -6062 16792 24437 -8847 12610 -5895 6698 -5146 3492 8643 17131 -2074 -15824 6120 10836 -2397 -6364 1305 3016 5795 9581 3978 
-8287 -28661 -2787 -22710 7281 -3657 -12520 7919 18463 -1521 1571 23276 -26175 -28720 14483 -2141 3244 1210 -18296 -8198 1925 -7012 -15644 11359 9012 25671 -10665 -24115 4589 -3942 10839 -12094 9768 -8842 -14815 -11195 -1625 13512 -18501 12518 13426 -23164 -5390 -11330 -3105 4772 8285 12652 -11899 -15825 1114 1305 2629 -2209 24682 9975 -5822 
11309 -6643 12146 17738 -5707 3684 13746 -1273 17375 14103 24726 -973 -7469 8610 -1176 6353 7354 20042 13046 26410 -6967 -11489 -27495 -21804 -9668 -11532 11567 23457 -2220 5225 -14302 -13125 24671 14562 -12704 -3195 -11598 -27760 17760 20148 -19545 8292 -4571 -4797 -16479 6943 1076 5488 22796 13894 7326 3016 -2209 -3545 -12689 13957 8477 
9466 -1509 -18926 5079 618 -2429 937 15412 -12142 -21916 -3917 7909 -16220 6499 7871 -9898 6231 -30601 -12434 27068 20715 1238 -27809 17945 22056 2820 6464 4910 -6817 19912 7365 -1140 3174 7479 -2647 9863 18588 -4695 -14671 20284 -14868 -319 19621 -1132 15808 8806 -12962 -11463 -2537 9166 9909 5795 24682 -12689 -627 -29732 19183 
-18928 22726 -27379 3283 -30587 1208 -10066 5243 -23858 21080 -12375 -6015 -12669 5959 3220 8166 8449 -12371 9555 -7238 -19857 -714 -1521 -8691 -2887 -23010 7225 18684 10902 29730 -10868 7596 -381 -3187 20231 -7352 -17978 -3542 22519 7682 7020 -427 19694 -8680 20299 1516 7875 -4402 1282 5462 -1638 9581 9975 13957 -29732 -12211 -5202 
12629 28653 -4807 17860 10516 -7276 9645 4924 13041 3578 -11143 -13283 -13709 9524 -2265 -1830 6374 -26662 -12152 9713 27744 11272 -4169 4838 20160 -16791 22293 323 -17237 8491 17227 9116 -882 6918 4685 11406 -27231 1595 -13741 -580 -6434 3986 -16161 -2351 24077 5463 -7750 -7038 -12611 -22937 -27144 3978 -5822 8477 19183 -5202 20922 
