25
-4733 31225 -22368 14246 2686 5145 13964 8188 -4689 6851 6952 7874 -12995 11500 6073 -671 -3522 -1536 1496 19525 1660 -8031 -2475 18369 4916 
31225 -19147 13972 -10317 -23672 -3018 -16126 30040 -2911 -11396 23035 2078 -12965 -7904 21761 16575 -18978 7710 -13128 16128 1824 11989 -2313 -9589 -9451 
-22368 13972 -13453 11277 -2372 908 8589 -1870 6602 -17510 -16438 -5945 -22171 785 -26553 -11843 20896 17037 -24919 -14499 -5667 1753 -12825 -21962 -1846 
14246 -10317 11277 -21789 -1441 -22801 12235 -5495 -9713 5287 -13464 13687 -8420 23317 30882 -17483 -17625 2743 -15489 21127 18456 -11301 13748 -12802 -338 
2686 -23672 -2372 -1441 -18418 -2963 2324 -2787 -6409 -13929 5812 8035 -2974 25067 -3163 20254 -6400 5100 -25824 25620 2990 4268 16166 1577 6382 
5145 -3018 908 -22801 -2963 19930 -17805 6426 18875 581 -12992 1739 18747 -12425 24787 18266 15138 -9267 -15257 -8608 8477 19517 -2086 -6029 -8983 
13964 -16126 8589 12235 2324 -17805 -1651 6521 7407 10300 -111 22860 2281 2564 6363 2535 18878 8014 -6275 769 3207 -10290 -13018 1043 -10591 
8188 30040 -1870 -5495 -2787 6426 6521 8614 -13321 19586 21465 -14801 -3558 -12143 30189 -20451 -4707 20483 -14769 -17563 -3192 -10373 8970 1174 -2168 
-4689 -2911 6602 -9713 -6409 18875 7407 -13321 13313 -10593 -23238 10055 -3308 -1146 -9319 10550 -16956 1486 -2466 15956 -7472 -16794 -12464 1852 -10673 
6851 -11396 -17510 5287 -13929 581 10300 19586 -10593 -22158 16196 -8778 18149 15194 18624 2765 22158 -6214 -3195 6019 -18831 7185 11656 12039 10209 
6952 23035 -16438 -13464 5812 -12992 -111 21465 -23238 16196 11250 20003 -679 -2698 14059 14946 -13594 1831 13308 -27934 -18239 10561 -3807 10286 7752 
7874 2078 -5945 13687 8035 1739 22860 -14801 10055 -8778 20003 16559 16344 -7182 22154 7006 -12083 13559 10809 -18963 -7191 -10513 -10440 -9189 2718 
-12995 -12965 -22171 -8420 -2974 18747 2281 -3558 -3308 18149 -679 16344 23039 -29335 12412 -1814 2282 4332 -11809 25997 -10540 25233 607 13233 -9283 
11500 -7904 785 23317 25067 -12425 2564 -12143 -1146 15194 -2698 -7182 -29335 -22896 -1685 -25570 -18104 6121 8568 14298 7859 16240 -16627 3594 -1043 
6073 21761 -26553 30882 -3163 24787 6363 30189 -9319 18624 14059 22154 12412 -1685 5186 755 6136 26179 -23784 -8884 -27965 -25314 20430 9794 -15317 
-671 16575 -11843 -17483 20254 18266 2535 -20451 10550 2765 14946 7006 -1814 -25570 755 7526 -3391 -8230 10916 -23113 -14213 6104 19722 9136 23616 
-3522 -18978 20896 -17625 -6400 15138 18878 -4707 -16956 22158 -13594 -12083 2282 -18104 6136 -3391 -17001 -26598 16631 2450 -17674 -12290 -17299 -25591 2916 
-1536 7710 17037 2743 5100 -9267 8014 20483 1486 -6214 1831 13559 4332 6121 26179 -8230 -26598 18597 1902 -3870 16522 -7614 -5959 1985 -10875 
1496 -13128 -24919 -15489 -25824 -15257 -6275 -14769 -2466 -3195 13308 10809 -11809 8568 -23784 10916 16631 1902 12358 19797 -2425 8912 -11479 11600 -6662 
19525 16128 -14499 21127 25620 -8608 769 -17563 15956 6019 -27934 -18963 25997 14298 -8884 -23113 2450 -3870 19797 -23069 774 12831 -3046 -1918 -10032 
1660 1824 -5667 18456 2990 8477 3207 -3192 -7472 -18831 -18239 -7191 -10540 7859 -27965 -14213 -17674 16522 -2425 774 4532 8827 2329 -20603 4157 
-8031 11989 1753 -11301 4268 19517 -10290 -10373 -16794 7185 10561 -10513 25233 16240 -25314 6104 -12290 -7614 8912 12831 8827 4656 806 8188 3238 
-2475 -2313 -12825 13748 16166 -2086 -13018 8970 -12464 11656 -3807 -10440 607 -16627 20430 19722 -17299 -5959 -11479 -3046 2329 806 26676 21154 -11856 
18369 -9589 -21962 -12802 1577 -6029 1043 1174 1852 12039 10286 -9189 13233 3594 9794 9136 -25591 1985 11600 -1918 -20603 8188 21154 -19262 -7253 
4916 -9451 -1846 -338 6382 -8983 -10591 -2168 -10673 10209 7752 2718 -9283 -1043 -15317 23616 2916 -10875 -6662 -10032 4157 3238 -11856 -7253 -2812 
