27
0 893 799 814 319 219 16 771 102 360 942 945 927 366 908 188 741 172 381 471 376 577 247 515 633 328 730 
893 0 568 111 963 990 566 952 230 689 167 933 220 80 380 564 560 413 785 127 280 710 578 815 213 190 913 
799 568 0 407 32 915 289 133 297 430 964 672 99 462 624 436 191 967 792 573 680 65 725 359 671 677 763 
814 111 407 0 894 453 898 375 290 94 403 396 748 547 439 163 223 644 197 565 578 564 610 219 414 649 872 
319 963 32 894 0 262 981 677 236 508 862 945 867 922 334 779 820 689 591 320 424 313 240 706 624 533 753 
219 990 915 453 262 0 6 81 987 784 510 69 907 538 243 473 292 600 804 437 318 901 900 445 951 752 168 
16 566 289 898 981 6 0 900 19 97 163 485 200 429 611 853 684 29 281 458 486 448 104 553 634 415 376 
771 952 133 375 677 81 900 0 664 735 577 172 88 636 759 319 202 176 659 545 643 259 140 661 645 730 563 
102 230 297 290 236 987 19 664 0 879 84 794 809 636 31 960 933 531 855 738 603 220 171 587 762 404 190 
360 689 430 94 508 784 97 735 879 0 836 171 250 257 565 768 852 629 690 7 615 792 719 593 642 857 930 
942 167 964 403 862 510 163 577 84 836 0 304 503 835 947 802 988 846 945 614 708 545 983 707 642 319 178 
945 933 672 396 945 69 485 172 794 171 304 0 323 7 55 725 996 45 518 984 935 594 644 122 175 549 288 
927 220 99 748 867 907 200 88 809 250 503 323 0 49 179 578 228 625 824 692 474 374 914 543 167 200 671 
366 80 462 547 922 538 429 636 636 257 835 7 49 0 541 632 817 857 172 373 907 462 98 48 206 118 932 
908 380 624 439 334 243 611 759 31 565 947 55 179 541 0 744 37 665 765 72 1 552 824 901 813 971 872 
188 564 436 163 779 473 853 319 960 768 802 725 578 632 744 0 766 533 921 190 244 653 610 274 862 797 867 
741 560 191 223 820 292 684 202 933 852 988 996 228 817 37 766 0 588 312 999 488 998 34 808 698 729 464 
172 413 967 644 689 600 29 176 531 629 846 45 625 857 665 533 588 0 700 126 967 482 523 993 470 871 972 
381 785 792 197 591 804 281 659 855 690 945 518 824 172 765 921 312 700 0 415 774 826 322 6 883 814 902 
471 127 573 565 320 437 458 545 738 7 614 984 692 373 72 190 999 126 415 0 189 527 321 51 900 368 304 
376 280 680 578 424 318 486 643 603 615 708 935 474 907 1 244 488 967 774 189 0 531 601 749 371 637 775 
577 710 65 564 313 901 448 259 220 792 545 594 374 462 552 653 998 482 826 527 531 0 848 6 490 321 353 
247 578 725 610 240 900 104 140 171 719 983 644 914 98 824 610 34 523 322 321 601 848 0 368 247 525 10 
515 815 359 219 706 445 553 661 587 593 707 122 543 48 901 274 808 993 6 51 749 6 368 0 481 202 535 
633 213 671 414 624 951 634 645 762 642 642 175 167 206 813 862 698 470 883 900 371 490 247 481 0 661 838 
328 190 677 649 533 752 415 730 404 857 319 549 200 118 971 797 729 871 814 368 637 321 525 202 661 0 30 
730 913 763 872 753 168 376 563 190 930 178 288 671 932 872 867 464 972 902 304 775 353 10 535 838 30 0 
0 0 1 0 0 0 0 0 0 0 1 0 0 1 1 0 1 1 1 1 1 0 0 1 1 1 0 