19
0 184 729 399 172 919 99 648 33 322 717 307 958 148 29 738 249 83 125 
184 0 416 81 768 770 716 884 883 771 483 633 791 141 496 596 472 695 179 
729 416 0 342 730 36 178 43 912 69 651 380 614 493 393 592 125 922 145 
399 81 342 0 472 567 573 704 343 999 677 690 329 940 55 76 458 60 503 
172 768 730 472 0 850 385 20 941 403 811 700 472 527 851 287 778 100 947 
919 770 36 567 850 0 976 539 845 79 245 780 759 352 965 326 75 240 807 
99 716 178 573 385 976 0 782 863 39 688 722 638 319 250 989 570 441 586 
648 884 43 704 20 539 782 0 296 168 408 724 545 547 623 570 522 627 331 
33 883 912 343 941 845 863 296 0 332 918 884 805 626 814 501 566 769 87 
322 771 69 999 403 79 39 168 332 0 52 190 986 377 40 487 519 555 938 
717 483 651 677 811 245 688 408 918 52 0 116 861 868 570 916 622 161 936 
307 633 380 690 700 780 722 724 884 190 116 0 513 733 874 869 990 999 714 
958 791 614 329 472 759 638 545 805 986 861 513 0 97 674 216 194 601 336 
148 141 493 940 527 352 319 547 626 377 868 733 97 0 344 437 352 341 474 
29 496 393 55 851 965 250 623 814 40 570 874 674 344 0 944 813 564 568 
738 596 592 76 287 326 989 570 501 487 916 869 216 437 944 0 221 787 98 
249 472 125 458 778 75 570 522 566 519 622 990 194 352 813 221 0 204 464 
83 695 922 60 100 240 441 627 769 555 161 999 601 341 564 787 204 0 497 
125 179 145 503 947 807 586 331 87 938 936 714 336 474 568 98 464 497 0 
0 0 0 0 0 0 0 0 0 0 0 0 0 1 0 1 0 0 0 