89
0 199 660 481 989 839 487 41 354 713 93 306 122 100 489 155 555 441 243 23 555 609 289 127 710 829 938 724 538 593 901 399 855 185 362 610 439 679 392 976 404 515 271 40 968 12 492 501 527 433 510 135 212 447 525 897 347 124 848 948 488 789 648 565 947 376 124 201 2 111 404 149 183 668 708 572 328 121 587 860 321 329 270 561 689 602 422 370 474 
199 0 753 866 904 60 908 51 257 864 674 332 558 82 525 339 23 887 516 997 243 782 693 987 668 994 791 699 554 115 95 963 829 385 567 124 629 309 599 239 482 515 998 451 378 32 74 844 204 412 919 308 284 361 262 232 3 807 493 49 755 573 712 957 699 79 933 333 48 745 777 664 886 12 282 22 749 163 679 392 436 357 251 392 817 549 627 190 580 
660 753 0 222 126 653 196 99 7 42 546 258 735 780 979 327 625 110 759 668 474 667 146 736 25 286 605 26 403 576 855 285 852 58 760 906 398 919 299 680 297 684 75 326 369 334 130 471 590 687 27 3 538 83 439 967 562 657 737 426 780 766 300 960 266 361 541 729 32 336 878 259 667 178 133 390 752 437 100 44 385 835 262 738 456 48 887 25 508 
481 866 222 0 461 999 265 306 445 947 417 467 951 563 762 764 469 137 731 966 646 707 263 311 113 377 366 987 320 671 796 223 417 137 29 845 487 698 956 416 675 480 955 313 11 105 283 350 963 670 943 809 39 924 457 992 964 341 212 641 238 107 305 851 122 231 56 321 348 283 614 65 97 475 322 934 48 88 769 558 538 464 698 577 135 54 191 256 167 
989 904 126 461 0 264 809 857 10 60 595 367 174 599 133 449 487 342 59 720 928 396 724 720 901 74 903 174 996 892 748 416 541 506 384 80 481 304 835 410 390 661 200 814 663 61 240 508 175 604 812 366 964 601 815 330 734 265 570 998 215 723 802 239 692 828 659 955 240 515 426 340 456 683 857 250 757 831 312 544 512 940 98 503 581 335 707 688 41 
839 60 653 999 264 0 503 858 846 150 113 520 722 852 712 344 889 358 839 166 954 616 540 505 750 700 510 235 367 423 361 845 146 730 738 962 983 644 272 58 551 838 610 515 309 111 988 468 405 327 108 96 825 606 284 287 403 816 91 851 552 665 16 685 827 942 836 596 671 693 696 665 959 389 152 355 209 389 628 763 543 217 47 707 790 489 610 550 314 
487 908 196 265 809 503 0 507 957 951 442 821 200 951 592 327 549 78 470 665 539 377 935 996 68 559 397 432 744 667 857 674 268 946 953 658 852 843 605 253 884 283 143 303 343 682 3 570 686 330 369 367 206 95 357 927 79 601 612 818 588 316 417 925 277 212 682 833 987 917 412 612 37 547 529 349 19 618 140 937 947 728 618 932 744 921 119 529 293 
41 51 99 306 857 858 507 0 906 360 948 555 555 809 775 470 356 612 61 630 729 888 219 969 395 239 28 941 202 594 271 924 101 736 823 838 164 131 227 212 853 913 56 179 928 134 605 132 683 643 719 38 437 199 790 629 432 676 236 965 582 476 994 96 729 504 831 815 333 319 525 728 776 307 201 133 683 10 376 439 952 942 512 108 402 530 116 352 218 
354 257 7 445 10 846 957 906 0 10 697 85 607 410 104 837 347 973 73 644 142 624 4 122 960 346 271 234 773 568 626 460 374 940 472 378 190 81 69 867 265 176 962 437 831 537 179 409 144 456 997 932 507 4 323 67 643 597 983 436 851 459 472 152 613 334 960 27 568 64 596 290 38 877 412 296 509 512 375 965 761 533 378 928 548 430 220 627 17 
713 864 42 947 60 150 951 360 10 0 395 880 838 276 844 608 364 787 87 665 874 508 711 724 131 956 577 255 81 602 509 426 548 291 49 317 522 587 891 512 256 227 838 335 676 108 405 307 834 466 427 603 380 184 268 558 289 389 511 529 347 771 214 643 94 282 117 247 244 149 391 91 797 371 792 549 327 112 336 421 193 675 848 120 643 972 997 282 55 
93 674 546 417 595 113 442 948 697 395 0 663 675 96 794 382 830 916 427 734 113 926 266 965 949 931 487 500 888 550 311 754 348 378 961 890 110 890 406 454 174 156 107 55 833 652 261 505 75 715 263 100 679 442 397 965 600 80 951 619 522 195 286 205 667 185 548 41 238 912 50 413 93 519 519 796 514 715 725 910 185 84 209 288 723 210 90 285 394 
306 332 258 467 367 520 821 555 85 880 663 0 668 207 684 855 170 52 339 35 428 257 511 523 518 597 835 61 789 750 70 14 635 309 72 908 648 761 657 419 974 439 264 399 900 659 607 817 986 549 732 711 271 280 138 521 364 711 911 404 462 655 14 392 589 271 171 511 610 307 20 207 805 175 442 696 62 108 251 99 986 858 663 467 454 700 210 55 436 
122 558 735 951 174 722 200 555 607 838 675 668 0 695 34 460 110 476 718 474 583 14 86 774 751 125 642 790 103 674 564 382 517 740 433 161 339 201 115 593 298 489 469 213 48 493 799 585 386 846 226 853 450 79 403 994 429 383 244 141 596 949 578 570 704 135 922 227 42 940 775 893 701 513 112 348 842 690 5 151 20 790 533 885 851 149 409 985 581 
100 82 780 563 599 852 951 809 410 276 96 207 695 0 142 997 495 340 656 634 390 142 263 442 288 920 578 31 687 137 526 787 78 788 512 656 543 819 723 591 694 277 47 95 72 722 352 526 354 719 91 87 986 430 484 669 98 628 758 975 810 662 174 597 289 185 825 957 164 670 450 301 168 43 737 153 101 945 853 911 486 445 189 493 518 241 548 232 180 
489 525 979 762 133 712 592 775 104 844 794 684 34 142 0 646 265 403 616 908 992 95 130 658 135 315 431 537 167 519 961 298 322 982 431 922 376 682 923 560 528 613 161 330 597 713 821 286 22 814 969 85 407 291 18 162 589 343 779 462 462 54 493 14 48 681 936 902 543 824 964 431 326 410 107 528 163 649 72 685 95 408 254 981 736 646 635 979 976 
155 339 327 764 449 344 327 470 837 608 382 855 460 997 646 0 856 656 566 312 668 950 994 302 53 7 712 868 776 173 754 441 49 563 744 170 527 753 810 691 90 369 963 188 74 926 722 725 871 528 47 84 77 282 868 608 604 549 758 753 428 381 556 372 901 751 965 929 790 447 454 155 469 727 975 861 943 106 327 904 610 873 182 538 948 206 94 633 544 
555 23 625 469 487 889 549 356 347 364 830 170 110 495 265 856 0 986 25 491 125 683 188 257 539 910 259 146 832 503 240 975 855 257 541 743 73 652 63 223 496 189 326 823 904 204 959 186 785 254 72 269 663 441 332 879 738 292 768 914 1 37 619 779 261 406 762 715 738 309 524 33 158 987 912 478 519 525 577 214 943 805 42 159 293 280 997 656 476 
441 887 110 137 342 358 78 612 973 787 916 52 476 340 403 656 986 0 168 715 720 599 929 869 335 406 135 316 547 665 85 633 324 425 794 451 434 320 182 892 807 336 610 651 129 719 95 520 652 937 823 399 439 880 827 97 553 710 918 461 900 34 258 642 730 331 153 532 13 788 954 673 193 987 152 197 35 96 41 567 566 504 557 200 337 51 141 238 481 
243 516 759 731 59 839 470 61 73 87 427 339 718 656 616 566 25 168 0 295 749 32 326 479 366 131 521 113 623 823 926 358 386 521 742 620 430 553 622 36 544 131 744 767 687 574 71 272 49 56 310 989 135 442 267 86 218 7 611 211 777 69 275 416 788 862 965 664 961 172 530 600 293 533 166 517 544 54 690 658 495 140 372 322 100 684 55 393 884 
23 997 668 966 720 166 665 630 644 665 734 35 474 634 908 312 491 715 295 0 505 554 267 205 93 554 303 237 952 514 249 776 84 287 305 243 424 458 747 476 254 631 276 188 912 137 525 182 326 915 394 703 190 543 128 513 798 646 312 573 873 180 210 421 900 310 120 613 782 885 657 846 865 724 144 602 617 218 535 437 517 960 535 278 953 414 843 322 163 
555 243 474 646 928 954 539 729 142 874 113 428 583 390 992 668 125 720 749 505 0 826 689 405 538 895 85 958 804 910 467 891 912 350 646 34 656 188 236 976 332 367 991 433 983 196 713 478 14 641 664 267 247 758 634 105 686 734 114 966 563 286 222 829 449 400 319 432 472 634 478 318 961 479 235 258 27 517 282 438 923 342 46 3 185 499 300 812 884 
609 782 667 707 396 616 377 888 624 508 926 257 14 142 95 950 683 599 32 554 826 0 909 240 539 519 530 712 443 354 222 482 452 241 61 750 398 234 587 312 512 532 710 46 558 554 273 649 195 191 493 792 430 529 775 112 285 594 622 720 17 919 642 146 520 965 863 884 753 713 866 971 312 958 451 263 504 114 830 334 528 559 578 170 629 844 827 78 329 
289 693 146 263 724 540 935 219 4 711 266 511 86 263 130 994 188 929 326 267 689 909 0 288 435 480 99 762 128 524 75 725 820 665 685 784 631 663 292 344 308 644 208 133 53 165 701 658 982 445 844 883 700 191 313 676 732 680 504 829 789 32 576 681 106 833 264 665 338 544 599 306 738 355 866 473 620 411 429 937 322 584 277 524 171 209 391 417 164 
127 987 736 311 720 505 996 969 122 724 965 523 774 442 658 302 257 869 479 205 405 240 288 0 462 312 396 372 289 494 71 284 78 323 400 584 470 898 39 90 12 941 323 849 542 442 922 608 503 893 476 157 590 236 742 277 419 868 64 268 120 319 210 308 45 461 861 105 3 368 316 603 686 163 200 701 234 485 220 237 75 425 277 715 497 36 464 504 598 
710 668 25 113 901 750 68 395 960 131 949 518 751 288 135 53 539 335 366 93 538 539 435 462 0 784 766 507 548 553 493 522 334 44 748 780 406 704 487 407 902 524 948 776 362 321 512 1 124 372 289 43 795 493 973 171 500 937 761 760 803 716 391 662 494 202 591 628 648 117 482 522 635 284 741 316 9 727 560 80 428 996 707 480 54 825 237 493 78 
829 994 286 377 74 700 559 239 346 956 931 597 125 920 315 7 910 406 131 554 895 519 480 312 784 0 468 635 338 318 344 454 854 31 831 746 806 397 334 809 859 317 969 81 201 456 495 203 45 718 328 551 506 544 768 803 577 740 786 304 193 726 986 312 614 401 594 398 615 28 596 551 221 829 370 797 955 192 434 358 857 677 161 671 740 241 570 794 420 
938 791 605 366 903 510 397 28 271 577 487 835 642 578 431 712 259 135 521 303 85 530 99 396 766 468 0 344 565 11 918 867 209 670 848 15 918 559 495 618 661 373 298 509 543 45 740 905 369 21 870 943 56 742 943 824 998 914 909 204 744 329 745 782 596 312 856 237 997 73 28 945 803 517 674 146 810 314 360 489 138 265 826 106 339 271 16 672 333 
724 699 26 987 174 235 432 941 234 255 500 61 790 31 537 868 146 316 113 237 958 712 762 372 507 635 344 0 442 822 85 527 157 550 715 743 103 325 383 789 607 934 492 811 801 823 983 759 415 259 39 597 242 859 710 102 590 1 871 371 239 829 207 386 723 846 114 263 981 335 724 19 659 75 446 989 624 109 715 244 491 522 856 618 183 494 250 202 862 
538 554 403 320 996 367 744 202 773 81 888 789 103 687 167 776 832 547 623 952 804 443 128 289 548 338 565 442 0 81 209 424 739 488 242 57 583 788 630 787 967 354 482 177 554 456 696 156 963 786 490 383 12 874 441 86 394 644 176 263 76 579 175 321 960 250 315 542 621 173 116 957 157 243 834 518 447 218 833 650 370 999 912 561 776 682 499 904 263 
593 115 576 671 892 423 667 594 568 602 550 750 674 137 519 173 503 665 823 514 910 354 524 494 553 318 11 822 81 0 616 892 672 50 958 963 406 493 456 5 107 49 437 630 434 726 253 909 64 319 646 153 322 978 786 34 428 910 952 940 990 253 106 752 583 429 823 471 537 510 336 343 287 408 657 432 894 929 26 788 603 980 165 655 538 497 72 366 901 
901 95 855 796 748 361 857 271 626 509 311 70 564 526 961 754 240 85 926 249 467 222 75 71 493 344 918 85 209 616 0 867 332 875 278 907 200 67 918 688 919 298 90 760 13 815 879 567 549 985 27 95 593 509 686 68 341 39 181 217 674 868 160 432 109 618 715 845 377 97 360 128 132 748 955 572 500 358 949 721 474 955 542 635 377 59 631 50 878 
399 963 285 223 416 845 674 924 460 426 754 14 382 787 298 441 975 633 358 776 891 482 725 284 522 454 867 527 424 892 867 0 711 650 3 302 955 654 714 212 688 268 765 504 58 362 880 487 826 538 849 699 362 825 397 429 212 159 37 192 380 524 219 624 779 859 300 552 495 94 152 211 806 917 445 839 119 139 903 151 241 761 78 404 673 105 446 55 828 
855 829 852 417 541 146 268 101 374 548 348 635 517 78 322 49 855 324 386 84 912 452 820 78 334 854 209 157 739 672 332 711 0 619 866 242 367 212 698 565 53 236 131 915 807 459 513 314 896 656 740 33 401 674 983 433 408 61 318 300 587 648 49 631 80 673 766 120 869 312 438 830 47 728 97 769 667 993 893 373 86 499 582 124 978 715 733 780 440 
185 385 58 137 506 730 946 736 940 291 378 309 740 788 982 563 257 425 521 287 350 241 665 323 44 31 670 550 488 50 875 650 619 0 391 210 962 855 581 717 77 446 92 459 814 685 204 217 688 978 795 376 386 300 206 714 879 705 472 982 544 879 776 599 781 157 220 973 855 680 298 285 957 608 661 745 697 571 35 642 546 767 414 728 926 387 872 728 964 
362 567 760 29 384 738 953 823 472 49 961 72 433 512 431 744 541 794 742 305 646 61 685 400 748 831 848 715 242 958 278 3 866 391 0 287 618 31 114 84 135 849 165 81 532 403 337 718 457 921 470 451 180 503 537 234 716 148 955 38 76 485 442 61 34 14 399 570 996 894 45 526 838 583 802 436 827 873 653 81 980 116 461 64 466 689 491 335 924 
610 124 906 845 80 962 658 838 378 317 890 908 161 656 922 170 743 451 620 243 34 750 784 584 780 746 15 743 57 963 907 302 242 210 287 0 998 605 116 789 563 875 909 997 980 597 492 680 817 940 94 695 728 704 151 121 337 942 330 57 693 413 738 351 338 107 486 105 284 326 32 77 452 57 969 334 362 614 197 758 125 792 627 282 40 20 857 944 325 
439 629 398 487 481 983 852 164 190 522 110 648 339 543 376 527 73 434 430 424 656 398 631 470 406 806 918 103 583 406 200 955 367 962 618 998 0 231 481 144 801 448 967 681 561 322 256 465 924 92 517 979 222 714 735 882 223 141 31 338 219 985 919 940 102 44 888 344 946 439 4 960 919 333 449 321 551 467 163 979 666 13 9 48 522 458 152 745 955 
679 309 919 698 304 644 843 131 81 587 890 761 201 819 682 753 652 320 553 458 188 234 663 898 704 397 559 325 788 493 67 654 212 855 31 605 231 0 515 543 539 579 292 716 777 325 207 281 883 887 377 820 493 853 471 86 149 576 260 681 389 86 343 646 357 576 795 618 291 279 711 486 499 762 879 718 667 949 83 778 638 412 743 306 993 736 909 979 60 
392 599 299 956 835 272 605 227 69 891 406 657 115 723 923 810 63 182 622 747 236 587 292 39 487 334 495 383 630 456 918 714 698 581 114 116 481 515 0 983 811 236 199 587 474 270 489 190 120 986 156 243 345 814 369 405 302 577 246 41 385 822 203 366 130 290 979 31 334 438 963 197 623 207 680 401 942 427 546 745 719 562 240 223 673 687 317 222 506 
976 239 680 416 410 58 253 212 867 512 454 419 593 591 560 691 223 892 36 476 976 312 344 90 407 809 618 789 787 5 688 212 565 717 84 789 144 543 983 0 899 920 498 968 560 689 169 17 52 233 528 72 971 784 722 585 926 871 589 420 365 147 202 769 102 708 923 593 465 527 6 829 244 859 44 827 842 719 820 777 329 804 346 90 293 464 139 981 680 
404 482 297 675 390 551 884 853 265 256 174 974 298 694 528 90 496 807 544 254 332 512 308 12 902 859 661 607 967 107 919 688 53 77 135 563 801 539 811 899 0 573 37 725 35 422 98 336 818 992 377 643 715 198 627 997 123 997 230 97 221 434 898 672 307 7 931 998 319 961 107 482 707 354 463 811 93 22 552 379 375 789 944 2 203 545 33 129 1 
515 515 684 480 661 838 283 913 176 227 156 439 489 277 613 369 189 336 131 631 367 532 644 941 524 317 373 934 354 49 298 268 236 446 849 875 448 579 236 920 573 0 37 437 55 953 490 557 856 629 421 59 44 169 247 364 153 198 549 410 775 896 109 257 747 891 62 314 488 902 798 251 733 297 443 874 117 997 58 532 373 387 892 832 117 165 309 726 447 
271 998 75 955 200 610 143 56 962 838 107 264 469 47 161 963 326 610 744 276 991 710 208 323 948 969 298 492 482 437 90 765 131 92 165 909 967 292 199 498 37 37 0 298 257 251 856 504 363 486 177 935 40 504 562 984 203 386 709 383 450 576 841 17 828 134 157 130 531 681 748 834 153 87 209 106 343 187 430 682 979 90 301 532 216 859 324 828 21 
40 451 326 313 814 515 303 179 437 335 55 399 213 95 330 188 823 651 767 188 433 46 133 849 776 81 509 811 177 630 760 504 915 459 81 997 681 716 587 968 725 437 298 0 622 347 582 55 409 925 377 1000 254 32 857 715 365 107 904 797 418 674 673 438 246 15 898 669 498 639 159 350 51 516 14 531 219 327 173 20 65 209 147 295 359 716 22 86 973 
968 378 369 11 663 309 343 928 831 676 833 900 48 72 597 74 904 129 687 912 983 558 53 542 362 201 543 801 554 434 13 58 807 814 532 980 561 777 474 560 35 55 257 622 0 7 308 276 771 468 2 938 285 272 320 658 718 601 746 467 83 517 325 23 516 720 387 877 65 670 97 945 496 813 532 553 918 898 180 641 273 607 52 5 990 1000 824 689 335 
12 32 334 105 61 111 682 134 537 108 652 659 493 722 713 926 204 719 574 137 196 554 165 442 321 456 45 823 456 726 815 362 459 685 403 597 322 325 270 689 422 953 251 347 7 0 489 675 859 283 353 748 808 931 989 406 918 758 430 704 702 289 822 747 290 944 874 858 958 131 499 732 568 872 138 985 19 511 496 784 81 310 684 474 210 959 985 370 205 
492 74 130 283 240 988 3 605 179 405 261 607 799 352 821 722 959 95 71 525 713 273 701 922 512 495 740 983 696 253 879 880 513 204 337 492 256 207 489 169 98 490 856 582 308 489 0 321 748 145 830 941 129 478 735 124 668 885 309 630 941 907 318 273 768 83 422 990 704 361 956 149 815 894 567 175 952 367 564 760 27 302 111 232 13 993 593 857 653 
501 844 471 350 508 468 570 132 409 307 505 817 585 526 286 725 186 520 272 182 478 649 658 608 1 203 905 759 156 909 567 487 314 217 718 680 465 281 190 17 336 557 504 55 276 675 321 0 4 792 131 122 393 715 364 112 101 186 90 87 150 572 114 690 605 235 228 522 441 587 907 807 758 841 522 642 11 836 871 845 163 520 76 621 960 983 140 531 724 
527 204 590 963 175 405 686 683 144 834 75 986 386 354 22 871 785 652 49 326 14 195 982 503 124 45 369 415 963 64 549 826 896 688 457 817 924 883 120 52 818 856 363 409 771 859 748 4 0 117 710 509 345 281 847 893 406 586 851 722 588 630 425 772 802 833 746 77 703 698 222 898 513 621 984 406 332 113 428 529 342 533 324 725 597 704 318 651 300 
433 412 687 670 604 327 330 643 456 466 715 549 846 719 814 528 254 937 56 915 641 191 445 893 372 718 21 259 786 319 985 538 656 978 921 940 92 887 986 233 992 629 486 925 468 283 145 792 117 0 5 850 965 759 817 803 745 424 415 421 266 695 683 293 109 408 241 451 839 184 860 881 749 47 273 988 380 5 725 825 830 492 896 111 57 855 36 358 689 
510 919 27 943 812 108 369 719 997 427 263 732 226 91 969 47 72 823 310 394 664 493 844 476 289 328 870 39 490 646 27 849 740 795 470 94 517 377 156 528 377 421 177 377 2 353 830 131 710 5 0 317 431 639 52 65 558 798 413 405 538 154 670 145 746 981 974 634 685 334 10 127 493 995 935 390 675 599 194 733 941 237 709 879 239 71 164 346 355 
135 308 3 809 366 96 367 38 932 603 100 711 853 87 85 84 269 399 989 703 267 792 883 157 43 551 943 597 383 153 95 699 33 376 451 695 979 820 243 72 643 59 935 1000 938 748 941 122 509 850 317 0 777 387 264 689 845 41 798 57 38 130 602 639 571 42 969 425 781 115 606 777 356 963 202 953 413 49 210 714 967 226 522 374 599 250 948 885 355 
212 284 538 39 964 825 206 437 507 380 679 271 450 986 407 77 663 439 135 190 247 430 700 590 795 506 56 242 12 322 593 362 401 386 180 728 222 493 345 971 715 44 40 254 285 808 129 393 345 965 431 777 0 484 679 847 190 282 152 515 489 793 994 203 468 157 956 650 503 342 23 256 689 95 111 248 155 749 30 178 959 860 623 333 595 922 275 933 404 
447 361 83 924 601 606 95 199 4 184 442 280 79 430 291 282 441 880 442 543 758 529 191 236 493 544 742 859 874 978 509 825 674 300 503 704 714 853 814 784 198 169 504 32 272 931 478 715 281 759 639 387 484 0 636 189 214 454 471 115 773 664 489 456 760 239 698 912 802 695 375 91 746 39 138 762 598 883 715 660 256 551 667 30 899 473 539 320 148 
525 262 439 457 815 284 357 790 323 268 397 138 403 484 18 868 332 827 267 128 634 775 313 742 973 768 943 710 441 786 686 397 983 206 537 151 735 471 369 722 627 247 562 857 320 989 735 364 847 817 52 264 679 636 0 410 174 700 348 310 183 328 586 839 790 537 307 889 553 358 630 604 684 62 730 723 955 630 891 290 424 337 95 20 477 857 247 881 892 
897 232 967 992 330 287 927 629 67 558 965 521 994 669 162 608 879 97 86 513 105 112 676 277 171 803 824 102 86 34 68 429 433 714 234 121 882 86 405 585 997 364 984 715 658 406 124 112 893 803 65 689 847 189 410 0 570 407 672 946 997 625 659 767 520 254 558 439 825 837 412 574 727 933 162 360 310 492 956 288 546 636 496 78 813 957 967 504 999 
347 3 562 964 734 403 79 432 643 289 600 364 429 98 589 604 738 553 218 798 686 285 732 419 500 577 998 590 394 428 341 212 408 879 716 337 223 149 302 926 123 153 203 365 718 918 668 101 406 745 558 845 190 214 174 570 0 693 345 129 89 387 132 170 435 890 817 979 106 821 603 883 7 837 207 351 678 329 770 744 956 402 179 111 906 238 348 781 713 
124 807 657 341 265 816 601 676 597 389 80 711 383 628 343 549 292 710 7 646 734 594 680 868 937 740 914 1 644 910 39 159 61 705 148 942 141 576 577 871 997 198 386 107 601 758 885 186 586 424 798 41 282 454 700 407 693 0 217 253 724 435 402 769 929 810 230 607 264 522 549 894 575 606 331 196 989 917 687 33 667 822 41 176 485 556 566 280 384 
848 493 737 212 570 91 612 236 983 511 951 911 244 758 779 758 768 918 611 312 114 622 504 64 761 786 909 871 176 952 181 37 318 472 955 330 31 260 246 589 230 549 709 904 746 430 309 90 851 415 413 798 152 471 348 672 345 217 0 893 254 646 363 69 210 159 364 126 52 701 521 94 507 582 507 681 576 795 977 411 867 123 324 353 964 422 250 887 935 
948 49 426 641 998 851 818 965 436 529 619 404 141 975 462 753 914 461 211 573 966 720 829 268 760 304 204 371 263 940 217 192 300 982 38 57 338 681 41 420 97 410 383 797 467 704 630 87 722 421 405 57 515 115 310 946 129 253 893 0 599 864 171 344 105 316 227 371 970 189 817 901 696 122 546 694 542 427 841 994 997 656 749 184 497 373 707 348 680 
488 755 780 238 215 552 588 582 851 347 522 462 596 810 462 428 1 900 777 873 563 17 789 120 803 193 744 239 76 990 674 380 587 544 76 693 219 389 385 365 221 775 450 418 83 702 941 150 588 266 538 38 489 773 183 997 89 724 254 599 0 595 724 850 719 663 635 294 536 499 349 458 946 505 269 87 21 576 307 625 226 971 150 275 123 11 722 971 689 
789 573 766 107 723 665 316 476 459 771 195 655 949 662 54 381 37 34 69 180 286 919 32 319 716 726 329 829 579 253 868 524 648 879 485 413 985 86 822 147 434 896 576 674 517 289 907 572 630 695 154 130 793 664 328 625 387 435 646 864 595 0 860 999 137 542 853 598 336 631 115 823 176 176 464 78 63 912 805 824 687 930 536 508 333 664 668 122 374 
648 712 300 305 802 16 417 994 472 214 286 14 578 174 493 556 619 258 275 210 222 642 576 210 391 986 745 207 175 106 160 219 49 776 442 738 919 343 203 202 898 109 841 673 325 822 318 114 425 683 670 602 994 489 586 659 132 402 363 171 724 860 0 824 665 325 575 311 225 296 39 426 493 742 932 904 444 729 328 589 404 260 789 770 972 774 542 507 792 
565 957 960 851 239 685 925 96 152 643 205 392 570 597 14 372 779 642 416 421 829 146 681 308 662 312 782 386 321 752 432 624 631 599 61 351 940 646 366 769 672 257 17 438 23 747 273 690 772 293 145 639 203 456 839 767 170 769 69 344 850 999 824 0 984 362 466 937 728 512 77 883 755 360 55 296 617 530 580 130 90 693 688 762 797 353 666 157 944 
947 699 266 122 692 827 277 729 613 94 667 589 704 289 48 901 261 730 788 900 449 520 106 45 494 614 596 723 960 583 109 779 80 781 34 338 102 357 130 102 307 747 828 246 516 290 768 605 802 109 746 571 468 760 790 520 435 929 210 105 719 137 665 984 0 257 499 283 366 260 663 277 272 777 818 87 389 174 189 570 413 703 690 293 935 849 79 514 283 
376 79 361 231 828 942 212 504 334 282 185 271 135 185 681 751 406 331 862 310 400 965 833 461 202 401 312 846 250 429 618 859 673 157 14 107 44 576 290 708 7 891 134 15 720 944 83 235 833 408 981 42 157 239 537 254 890 810 159 316 663 542 325 362 257 0 187 706 75 926 121 627 195 383 106 157 400 799 213 138 66 612 154 486 319 981 112 794 271 
124 933 541 56 659 836 682 831 960 117 548 171 922 825 936 965 762 153 965 120 319 863 264 861 591 594 856 114 315 823 715 300 766 220 399 486 888 795 979 923 931 62 157 898 387 874 422 228 746 241 974 969 956 698 307 558 817 230 364 227 635 853 575 466 499 187 0 903 1000 61 826 178 2 828 541 663 502 264 279 469 766 21 637 32 986 880 380 226 540 
201 333 729 321 955 596 833 815 27 247 41 511 227 957 902 929 715 532 664 613 432 884 665 105 628 398 237 263 542 471 845 552 120 973 570 105 344 618 31 593 998 314 130 669 877 858 990 522 77 451 634 425 650 912 889 439 979 607 126 371 294 598 311 937 283 706 903 0 500 370 948 588 811 722 833 344 853 173 31 661 96 896 223 761 558 243 274 238 244 
2 48 32 348 240 671 987 333 568 244 238 610 42 164 543 790 738 13 961 782 472 753 338 3 648 615 997 981 621 537 377 495 869 855 996 284 946 291 334 465 319 488 531 498 65 958 704 441 703 839 685 781 503 802 553 825 106 264 52 970 536 336 225 728 366 75 1000 500 0 159 231 688 725 238 549 565 883 669 754 146 144 545 928 688 717 279 725 153 657 
111 745 336 283 515 693 917 319 64 149 912 307 940 670 824 447 309 788 172 885 634 713 544 368 117 28 73 335 173 510 97 94 312 680 894 326 439 279 438 527 961 902 681 639 670 131 361 587 698 184 334 115 342 695 358 837 821 522 701 189 499 631 296 512 260 926 61 370 159 0 104 809 111 797 894 903 662 829 796 866 514 106 392 469 553 941 396 797 527 
404 777 878 614 426 696 412 525 596 391 50 20 775 450 964 454 524 954 530 657 478 866 599 316 482 596 28 724 116 336 360 152 438 298 45 32 4 711 963 6 107 798 748 159 97 499 956 907 222 860 10 606 23 375 630 412 603 549 521 817 349 115 39 77 663 121 826 948 231 104 0 458 104 440 699 295 86 901 578 701 861 893 88 825 530 450 792 245 603 
149 664 259 65 340 665 612 728 290 91 413 207 893 301 431 155 33 673 600 846 318 971 306 603 522 551 945 19 957 343 128 211 830 285 526 77 960 486 197 829 482 251 834 350 945 732 149 807 898 881 127 777 256 91 604 574 883 894 94 901 458 823 426 883 277 627 178 588 688 809 458 0 4 8 29 514 889 960 889 545 895 292 204 148 840 571 975 911 297 
183 886 667 97 456 959 37 776 38 797 93 805 701 168 326 469 158 193 293 865 961 312 738 686 635 221 803 659 157 287 132 806 47 957 838 452 919 499 623 244 707 733 153 51 496 568 815 758 513 749 493 356 689 746 684 727 7 575 507 696 946 176 493 755 272 195 2 811 725 111 104 4 0 636 5 628 919 899 842 231 25 963 304 560 368 159 599 195 265 
668 12 178 475 683 389 547 307 877 371 519 175 513 43 410 727 987 987 533 724 479 958 355 163 284 829 517 75 243 408 748 917 728 608 583 57 333 762 207 859 354 297 87 516 813 872 894 841 621 47 995 963 95 39 62 933 837 606 582 122 505 176 742 360 777 383 828 722 238 797 440 8 636 0 867 374 855 499 727 209 76 674 104 374 174 946 412 883 710 
708 282 133 322 857 152 529 201 412 792 519 442 112 737 107 975 912 152 166 144 235 451 866 200 741 370 674 446 834 657 955 445 97 661 802 969 449 879 680 44 463 443 209 14 532 138 567 522 984 273 935 202 111 138 730 162 207 331 507 546 269 464 932 55 818 106 541 833 549 894 699 29 5 867 0 291 157 153 947 741 808 796 42 261 858 368 943 186 687 
572 22 390 934 250 355 349 133 296 549 796 696 348 153 528 861 478 197 517 602 258 263 473 701 316 797 146 989 518 432 572 839 769 745 436 334 321 718 401 827 811 874 106 531 553 985 175 642 406 988 390 953 248 762 723 360 351 196 681 694 87 78 904 296 87 157 663 344 565 903 295 514 628 374 291 0 99 234 377 73 909 414 553 477 260 334 423 450 639 
328 749 752 48 757 209 19 683 509 327 514 62 842 101 163 943 519 35 544 617 27 504 620 234 9 955 810 624 447 894 500 119 667 697 827 362 551 667 942 842 93 117 343 219 918 19 952 11 332 380 675 413 155 598 955 310 678 989 576 542 21 63 444 617 389 400 502 853 883 662 86 889 919 855 157 99 0 793 586 780 709 508 339 230 448 961 824 975 795 
121 163 437 88 831 389 618 10 512 112 715 108 690 945 649 106 525 96 54 218 517 114 411 485 727 192 314 109 218 929 358 139 993 571 873 614 467 949 427 719 22 997 187 327 898 511 367 836 113 5 599 49 749 883 630 492 329 917 795 427 576 912 729 530 174 799 264 173 669 829 901 960 899 499 153 234 793 0 838 197 119 620 68 724 863 59 673 986 226 
587 679 100 769 312 628 140 376 375 336 725 251 5 853 72 327 577 41 690 535 282 830 429 220 560 434 360 715 833 26 949 903 893 35 653 197 163 83 546 820 552 58 430 173 180 496 564 871 428 725 194 210 30 715 891 956 770 687 977 841 307 805 328 580 189 213 279 31 754 796 578 889 842 727 947 377 586 838 0 506 928 612 390 817 558 212 59 517 964 
860 392 44 558 544 763 937 439 965 421 910 99 151 911 685 904 214 567 658 437 438 334 937 237 80 358 489 244 650 788 721 151 373 642 81 758 979 778 745 777 379 532 682 20 641 784 760 845 529 825 733 714 178 660 290 288 744 33 411 994 625 824 589 130 570 138 469 661 146 866 701 545 231 209 741 73 780 197 506 0 435 422 58 706 313 585 428 726 331 
321 436 385 538 512 543 947 952 761 193 185 986 20 486 95 610 943 566 495 517 923 528 322 75 428 857 138 491 370 603 474 241 86 546 980 125 666 638 719 329 375 373 979 65 273 81 27 163 342 830 941 967 959 256 424 546 956 667 867 997 226 687 404 90 413 66 766 96 144 514 861 895 25 76 808 909 709 119 928 435 0 589 652 53 878 356 991 966 8 
329 357 835 464 940 217 728 942 533 675 84 858 790 445 408 873 805 504 140 960 342 559 584 425 996 677 265 522 999 980 955 761 499 767 116 792 13 412 562 804 789 387 90 209 607 310 302 520 533 492 237 226 860 551 337 636 402 822 123 656 971 930 260 693 703 612 21 896 545 106 893 292 963 674 796 414 508 620 612 422 589 0 191 873 858 688 691 865 275 
270 251 262 698 98 47 618 512 378 848 209 663 533 189 254 182 42 557 372 535 46 578 277 277 707 161 826 856 912 165 542 78 582 414 461 627 9 743 240 346 944 892 301 147 52 684 111 76 324 896 709 522 623 667 95 496 179 41 324 749 150 536 789 688 690 154 637 223 928 392 88 204 304 104 42 553 339 68 390 58 652 191 0 940 162 229 877 566 925 
561 392 738 577 503 707 932 108 928 120 288 467 885 493 981 538 159 200 322 278 3 170 524 715 480 671 106 618 561 655 635 404 124 728 64 282 48 306 223 90 2 832 532 295 5 474 232 621 725 111 879 374 333 30 20 78 111 176 353 184 275 508 770 762 293 486 32 761 688 469 825 148 560 374 261 477 230 724 817 706 53 873 940 0 852 288 369 97 612 
689 817 456 135 581 790 744 402 548 643 723 454 851 518 736 948 293 337 100 953 185 629 171 497 54 740 339 183 776 538 377 673 978 926 466 40 522 993 673 293 203 117 216 359 990 210 13 960 597 57 239 599 595 899 477 813 906 485 964 497 123 333 972 797 935 319 986 558 717 553 530 840 368 174 858 260 448 863 558 313 878 858 162 852 0 93 38 723 456 
602 549 48 54 335 489 921 530 430 972 210 700 149 241 646 206 280 51 684 414 499 844 209 36 825 241 271 494 682 497 59 105 715 387 689 20 458 736 687 464 545 165 859 716 1000 959 993 983 704 855 71 250 922 473 857 957 238 556 422 373 11 664 774 353 849 981 880 243 279 941 450 571 159 946 368 334 961 59 212 585 356 688 229 288 93 0 442 128 353 
422 627 887 191 707 610 119 116 220 997 90 210 409 548 635 94 997 141 55 843 300 827 391 464 237 570 16 250 499 72 631 446 733 872 491 857 152 909 317 139 33 309 324 22 824 985 593 140 318 36 164 948 275 539 247 967 348 566 250 707 722 668 542 666 79 112 380 274 725 396 792 975 599 412 943 423 824 673 59 428 991 691 877 369 38 442 0 758 12 
370 190 25 256 688 550 529 352 627 282 285 55 985 232 979 633 656 238 393 322 812 78 417 504 493 794 672 202 904 366 50 55 780 728 335 944 745 979 222 981 129 726 828 86 689 370 857 531 651 358 346 885 933 320 881 504 781 280 887 348 971 122 507 157 514 794 226 238 153 797 245 911 195 883 186 450 975 986 517 726 966 865 566 97 723 128 758 0 805 
474 580 508 167 41 314 293 218 17 55 394 436 581 180 976 544 476 481 884 163 884 329 164 598 78 420 333 862 263 901 878 828 440 964 924 325 955 60 506 680 1 447 21 973 335 205 653 724 300 689 355 355 404 148 892 999 713 384 935 680 689 374 792 944 283 271 540 244 657 527 603 297 265 710 687 639 795 226 964 331 8 275 925 612 456 353 12 805 0 
1 1 1 1 0 0 1 0 0 0 0 1 0 0 0 0 1 0 0 0 0 0 0 1 0 1 0 1 0 0 0 0 0 0 0 1 0 1 0 1 1 1 1 1 1 1 1 1 0 0 0 0 1 1 0 0 0 0 0 0 0 0 0 0 1 1 0 0 0 1 1 0 1 0 0 1 0 0 0 0 1 0 1 1 0 0 0 0 0 