63
0 101 274 183 374 26 349 354 966 431 318 542 747 233 301 787 909 119 111 767 631 708 231 603 814 679 657 19 527 425 343 498 512 19 232 384 363 550 113 85 236 116 775 810 208 26 209 497 620 7 833 871 54 465 972 795 756 91 83 330 657 363 460 
101 0 193 320 745 400 518 441 617 60 99 756 252 502 535 464 362 650 959 526 40 146 249 449 115 339 924 417 238 897 117 874 236 760 322 919 536 449 816 128 698 924 945 656 366 518 684 727 171 644 150 885 392 290 981 593 420 514 769 61 314 436 951 
274 193 0 397 13 458 838 452 980 690 708 959 342 833 128 832 815 982 927 724 958 102 499 224 564 147 350 280 218 67 61 716 340 182 103 959 239 659 148 326 992 75 831 485 179 302 106 946 785 195 638 696 811 827 891 334 384 240 842 318 426 960 484 
183 320 397 0 177 164 753 548 811 40 361 112 216 817 197 22 272 914 238 289 426 289 596 892 400 392 510 661 270 12 731 148 530 41 545 674 6 463 910 963 718 117 452 43 60 25 290 323 901 333 939 40 465 167 766 471 111 942 734 600 355 932 424 
374 745 13 177 0 161 757 136 565 222 527 744 555 731 961 752 709 705 64 517 226 978 970 298 94 677 22 89 427 855 617 282 973 948 177 959 764 977 853 862 155 672 832 339 728 936 337 803 801 320 698 520 521 435 93 750 781 470 822 553 440 233 223 
26 400 458 164 161 0 810 590 403 589 234 834 894 691 450 838 519 780 409 614 364 159 707 289 558 699 591 330 345 898 707 470 640 354 884 810 491 749 500 841 112 710 227 362 416 156 207 530 213 992 945 535 507 254 479 621 546 68 613 448 561 30 267 
349 518 838 753 757 810 0 21 365 875 236 679 224 531 908 871 679 924 738 712 247 150 520 535 158 858 764 954 559 967 712 139 861 72 799 313 141 148 605 686 774 405 590 331 725 420 165 717 157 883 891 891 297 592 853 550 708 531 512 476 415 155 578 
354 441 452 548 136 590 21 0 75 536 245 689 1000 344 929 974 105 949 732 757 191 993 783 983 303 56 502 141 547 676 415 747 662 173 931 663 847 677 195 825 549 54 386 152 228 635 63 706 311 926 409 374 824 731 503 648 449 335 962 272 968 700 569 
966 617 980 811 565 403 365 75 0 825 349 815 744 520 951 648 976 782 574 355 559 385 355 678 257 210 726 693 752 908 937 341 978 28 862 411 711 394 82 887 17 783 478 849 421 211 815 332 905 353 54 829 93 911 379 345 235 973 164 192 847 653 375 
431 60 690 40 222 589 875 536 825 0 934 123 568 139 150 461 945 458 957 740 400 307 443 178 697 605 441 904 23 783 319 585 585 941 707 734 563 829 318 544 732 126 318 366 291 772 873 191 693 307 836 734 529 487 719 998 762 630 386 409 854 445 124 
318 99 708 361 527 234 236 245 349 934 0 895 587 321 40 508 621 315 920 456 94 318 9 653 797 138 354 144 732 478 650 11 104 57 752 629 23 338 283 375 486 615 994 151 426 439 823 326 872 608 797 964 520 219 223 445 265 509 819 831 487 464 729 
542 756 959 112 744 834 679 689 815 123 895 0 598 136 448 569 583 921 316 950 269 136 758 132 744 940 856 738 973 114 83 705 216 614 239 880 719 453 45 950 27 707 395 608 537 715 481 151 142 728 295 910 76 602 232 194 334 294 775 671 251 226 507 
747 252 342 216 555 894 224 1000 744 568 587 598 0 351 123 814 926 605 966 695 799 878 772 474 44 22 888 6 367 432 348 542 144 388 295 257 283 291 843 981 39 709 975 165 38 395 363 381 972 724 193 907 712 191 374 194 824 913 725 257 709 299 13 
233 502 833 817 731 691 531 344 520 139 321 136 351 0 290 875 311 943 53 48 986 461 824 130 143 977 965 222 451 378 406 206 266 925 578 618 927 403 603 788 422 136 790 501 592 712 729 638 311 550 523 556 294 643 971 172 470 105 738 998 86 379 810 
301 535 128 197 961 450 908 929 951 150 40 448 123 290 0 602 964 200 779 239 580 699 764 631 896 228 8 125 105 788 441 725 722 164 773 726 684 109 901 931 385 222 676 695 820 338 339 270 254 573 157 191 95 364 71 688 884 121 390 356 584 348 837 
787 464 832 22 752 838 871 974 648 461 508 569 814 875 602 0 569 582 345 492 366 79 846 420 811 790 207 48 33 125 997 569 464 275 114 939 977 870 768 242 934 138 952 494 360 729 264 158 743 631 173 944 178 854 106 663 857 788 954 200 122 428 861 
909 362 815 272 709 519 679 105 976 945 621 583 926 311 964 569 0 904 577 869 409 929 993 758 544 327 984 614 873 956 691 191 175 471 960 313 241 973 752 838 406 90 757 688 373 557 463 108 202 576 143 582 559 508 526 64 594 701 97 470 53 491 295 
119 650 982 914 705 780 924 949 782 458 315 921 605 943 200 582 904 0 579 486 672 75 775 659 999 569 312 529 493 838 998 390 624 947 498 56 644 837 662 182 637 751 546 83 69 169 69 674 890 510 449 365 486 83 867 51 22 1 11 523 991 67 432 
111 959 927 238 64 409 738 732 574 957 920 316 966 53 779 345 577 579 0 946 980 856 883 226 996 475 60 409 855 737 415 443 464 737 974 935 25 63 314 749 463 120 141 557 620 310 122 704 29 51 906 998 287 863 502 281 349 11 431 890 278 440 336 
767 526 724 289 517 614 712 757 355 740 456 950 695 48 239 492 869 486 946 0 371 246 982 954 52 844 72 640 339 984 462 855 834 948 651 288 650 383 42 541 518 281 32 546 553 247 543 133 788 601 710 426 829 104 721 980 255 374 46 845 601 258 525 
631 40 958 426 226 364 247 191 559 400 94 269 799 986 580 366 409 672 980 371 0 967 54 740 66 601 209 156 926 658 496 779 817 160 144 63 308 227 783 96 285 256 46 56 415 225 789 719 884 300 767 322 867 141 904 308 490 610 490 778 236 783 934 
708 146 102 289 978 159 150 993 385 307 318 136 878 461 699 79 929 75 856 246 967 0 674 61 443 917 997 684 477 69 615 796 849 517 445 165 69 917 63 875 330 836 39 187 740 587 542 749 314 871 10 142 645 851 938 1 446 504 77 189 350 359 587 
231 249 499 596 970 707 520 783 355 443 9 758 772 824 764 846 993 775 883 982 54 674 0 763 683 1000 946 710 90 915 667 701 212 571 103 323 835 821 910 557 167 994 937 454 177 284 622 261 172 300 161 482 17 878 18 596 688 521 560 434 72 76 869 
603 449 224 892 298 289 535 983 678 178 653 132 474 130 631 420 758 659 226 954 740 61 763 0 432 178 501 35 254 197 842 458 522 76 767 975 626 513 283 853 860 579 469 934 363 350 368 495 598 247 371 615 358 2 709 87 530 411 921 183 101 302 398 
814 115 564 400 94 558 158 303 257 697 797 744 44 143 896 811 544 999 996 52 66 443 683 432 0 810 140 400 365 869 749 992 913 839 203 578 937 908 772 926 88 180 960 196 107 771 146 71 138 818 849 48 891 724 124 326 755 170 799 952 225 689 558 
679 339 147 392 677 699 858 56 210 605 138 940 22 977 228 790 327 569 475 844 601 917 1000 178 810 0 154 257 864 89 33 397 424 790 25 810 816 766 824 550 12 100 670 703 633 630 180 238 665 723 152 695 318 776 998 54 836 425 745 412 289 705 760 
657 924 350 510 22 591 764 502 726 441 354 856 888 965 8 207 984 312 60 72 209 997 946 501 140 154 0 309 653 638 630 823 722 989 875 788 653 165 396 759 186 508 850 553 837 443 364 513 612 242 258 821 37 366 713 492 558 631 528 898 591 680 426 
19 417 280 661 89 330 954 141 693 904 144 738 6 222 125 48 614 529 409 640 156 684 710 35 400 257 309 0 931 795 493 543 175 335 927 48 676 206 506 55 194 904 963 249 24 990 255 904 764 349 36 207 625 187 837 62 152 64 417 804 456 512 33 
527 238 218 270 427 345 559 547 752 23 732 973 367 451 105 33 873 493 855 339 926 477 90 254 365 864 653 931 0 479 330 28 609 629 842 500 40 743 282 353 109 797 553 966 765 560 383 155 729 581 956 774 682 37 829 726 493 854 233 927 254 782 137 
425 897 67 12 855 898 967 676 908 783 478 114 432 378 788 125 956 838 737 984 658 69 915 197 869 89 638 795 479 0 31 80 343 659 956 915 818 708 504 843 704 946 633 613 306 447 167 384 394 645 995 917 83 448 59 692 372 613 672 693 9 747 970 
343 117 61 731 617 707 712 415 937 319 650 83 348 406 441 997 691 998 415 462 496 615 667 842 749 33 630 493 330 31 0 844 600 545 536 328 136 125 502 270 365 561 664 530 673 988 427 577 404 867 603 685 781 298 372 939 857 464 957 776 169 575 799 
498 874 716 148 282 470 139 747 341 585 11 705 542 206 725 569 191 390 443 855 779 796 701 458 992 397 823 543 28 80 844 0 50 11 932 285 865 505 952 320 635 880 274 307 138 646 305 303 525 576 814 428 517 668 431 803 299 509 167 571 820 721 303 
512 236 340 530 973 640 861 662 978 585 104 216 144 266 722 464 175 624 464 834 817 849 212 522 913 424 722 175 609 343 600 50 0 802 486 391 271 321 503 688 376 762 323 53 474 390 951 662 962 491 86 75 692 382 335 232 665 319 979 235 622 880 33 
19 760 182 41 948 354 72 173 28 941 57 614 388 925 164 275 471 947 737 948 160 517 571 76 839 790 989 335 629 659 545 11 802 0 580 879 588 580 758 26 844 611 400 347 458 861 389 68 318 370 613 790 17 761 271 724 450 453 914 584 714 323 641 
232 322 103 545 177 884 799 931 862 707 752 239 295 578 773 114 960 498 974 651 144 445 103 767 203 25 875 927 842 956 536 932 486 580 0 242 829 513 115 514 97 401 333 677 131 947 308 583 864 915 99 478 76 691 843 884 232 687 737 149 700 576 111 
384 919 959 674 959 810 313 663 411 734 629 880 257 618 726 939 313 56 935 288 63 165 323 975 578 810 788 48 500 915 328 285 391 879 242 0 537 611 821 38 957 942 251 146 688 596 659 540 720 536 661 36 564 270 294 94 641 224 96 149 605 819 646 
363 536 239 6 764 491 141 847 711 563 23 719 283 927 684 977 241 644 25 650 308 69 835 626 937 816 653 676 40 818 136 865 271 588 829 537 0 248 219 274 797 169 640 459 99 441 212 318 125 946 144 679 705 6 667 492 292 156 540 788 945 990 10 
550 449 659 463 977 749 148 677 394 829 338 453 291 403 109 870 973 837 63 383 227 917 821 513 908 766 165 206 743 708 125 505 321 580 513 611 248 0 904 663 781 580 785 58 784 206 396 603 390 774 539 926 567 968 637 906 242 892 270 530 563 45 511 
113 816 148 910 853 500 605 195 82 318 283 45 843 603 901 768 752 662 314 42 783 63 910 283 772 824 396 506 282 504 502 952 503 758 115 821 219 904 0 772 198 524 361 957 106 554 832 355 443 701 470 984 526 392 365 868 28 584 955 211 836 702 156 
85 128 326 963 862 841 686 825 887 544 375 950 981 788 931 242 838 182 749 541 96 875 557 853 926 550 759 55 353 843 270 320 688 26 514 38 274 663 772 0 254 215 207 620 765 243 396 181 420 641 294 761 559 464 756 307 29 292 127 537 127 859 80 
236 698 992 718 155 112 774 549 17 732 486 27 39 422 385 934 406 637 463 518 285 330 167 860 88 12 186 194 109 704 365 635 376 844 97 957 797 781 198 254 0 560 859 291 482 645 4 370 404 710 723 498 631 309 682 283 280 170 950 920 397 587 122 
116 924 75 117 672 710 405 54 783 126 615 707 709 136 222 138 90 751 120 281 256 836 994 579 180 100 508 904 797 946 561 880 762 611 401 942 169 580 524 215 560 0 789 617 201 433 937 281 981 830 372 585 436 234 339 647 369 496 998 584 713 753 177 
775 945 831 452 832 227 590 386 478 318 994 395 975 790 676 952 757 546 141 32 46 39 937 469 960 670 850 963 553 633 664 274 323 400 333 251 640 785 361 207 859 789 0 969 244 196 123 271 224 463 421 141 265 156 508 653 968 204 441 853 123 74 856 
810 656 485 43 339 362 331 152 849 366 151 608 165 501 695 494 688 83 557 546 56 187 454 934 196 703 553 249 966 613 530 307 53 347 677 146 459 58 957 620 291 617 969 0 240 529 40 286 22 721 16 248 264 157 678 791 294 661 859 406 958 165 453 
208 366 179 60 728 416 725 228 421 291 426 537 38 592 820 360 373 69 620 553 415 740 177 363 107 633 837 24 765 306 673 138 474 458 131 688 99 784 106 765 482 201 244 240 0 486 604 51 311 754 894 637 870 320 797 613 485 306 391 451 715 198 315 
26 518 302 25 936 156 420 635 211 772 439 715 395 712 338 729 557 169 310 247 225 587 284 350 771 630 443 990 560 447 988 646 390 861 947 596 441 206 554 243 645 433 196 529 486 0 118 36 354 984 611 721 333 944 125 865 978 946 897 802 407 627 28 
209 684 106 290 337 207 165 63 815 873 823 481 363 729 339 264 463 69 122 543 789 542 622 368 146 180 364 255 383 167 427 305 951 389 308 659 212 396 832 396 4 937 123 40 604 118 0 381 360 887 819 850 543 334 428 327 919 403 893 89 96 1000 809 
497 727 946 323 803 530 717 706 332 191 326 151 381 638 270 158 108 674 704 133 719 749 261 495 71 238 513 904 155 384 577 303 662 68 583 540 318 603 355 181 370 281 271 286 51 36 381 0 170 251 797 223 996 249 522 526 50 888 857 398 786 431 817 
620 171 785 901 801 213 157 311 905 693 872 142 972 311 254 743 202 890 29 788 884 314 172 598 138 665 612 764 729 394 404 525 962 318 864 720 125 390 443 420 404 981 224 22 311 354 360 170 0 108 298 863 694 699 454 533 951 876 505 95 653 624 381 
7 644 195 333 320 992 883 926 353 307 608 728 724 550 573 631 576 510 51 601 300 871 300 247 818 723 242 349 581 645 867 576 491 370 915 536 946 774 701 641 710 830 463 721 754 984 887 251 108 0 952 319 869 169 578 275 719 509 438 896 84 889 389 
833 150 638 939 698 945 891 409 54 836 797 295 193 523 157 173 143 449 906 710 767 10 161 371 849 152 258 36 956 995 603 814 86 613 99 661 144 539 470 294 723 372 421 16 894 611 819 797 298 952 0 327 727 70 757 547 30 134 506 895 43 880 164 
871 885 696 40 520 535 891 374 829 734 964 910 907 556 191 944 582 365 998 426 322 142 482 615 48 695 821 207 774 917 685 428 75 790 478 36 679 926 984 761 498 585 141 248 637 721 850 223 863 319 327 0 399 589 565 440 537 491 201 692 276 202 927 
54 392 811 465 521 507 297 824 93 529 520 76 712 294 95 178 559 486 287 829 867 645 17 358 891 318 37 625 682 83 781 517 692 17 76 564 705 567 526 559 631 436 265 264 870 333 543 996 694 869 727 399 0 678 503 403 154 251 203 349 497 935 8 
465 290 827 167 435 254 592 731 911 487 219 602 191 643 364 854 508 83 863 104 141 851 878 2 724 776 366 187 37 448 298 668 382 761 691 270 6 968 392 464 309 234 156 157 320 944 334 249 699 169 70 589 678 0 19 708 538 956 362 103 230 581 194 
972 981 891 766 93 479 853 503 379 719 223 232 374 971 71 106 526 867 502 721 904 938 18 709 124 998 713 837 829 59 372 431 335 271 843 294 667 637 365 756 682 339 508 678 797 125 428 522 454 578 757 565 503 19 0 222 766 695 531 693 760 464 419 
795 593 334 471 750 621 550 648 345 998 445 194 194 172 688 663 64 51 281 980 308 1 596 87 326 54 492 62 726 692 939 803 232 724 884 94 492 906 868 307 283 647 653 791 613 865 327 526 533 275 547 440 403 708 222 0 550 197 644 539 478 595 81 
756 420 384 111 781 546 708 449 235 762 265 334 824 470 884 857 594 22 349 255 490 446 688 530 755 836 558 152 493 372 857 299 665 450 232 641 292 242 28 29 280 369 968 294 485 978 919 50 951 719 30 537 154 538 766 550 0 157 718 493 841 197 633 
91 514 240 942 470 68 531 335 973 630 509 294 913 105 121 788 701 1 11 374 610 504 521 411 170 425 631 64 854 613 464 509 319 453 687 224 156 892 584 292 170 496 204 661 306 946 403 888 876 509 134 491 251 956 695 197 157 0 187 568 490 147 880 
83 769 842 734 822 613 512 962 164 386 819 775 725 738 390 954 97 11 431 46 490 77 560 921 799 745 528 417 233 672 957 167 979 914 737 96 540 270 955 127 950 998 441 859 391 897 893 857 505 438 506 201 203 362 531 644 718 187 0 947 500 560 684 
330 61 318 600 553 448 476 272 192 409 831 671 257 998 356 200 470 523 890 845 778 189 434 183 952 412 898 804 927 693 776 571 235 584 149 149 788 530 211 537 920 584 853 406 451 802 89 398 95 896 895 692 349 103 693 539 493 568 947 0 363 73 458 
657 314 426 355 440 561 415 968 847 854 487 251 709 86 584 122 53 991 278 601 236 350 72 101 225 289 591 456 254 9 169 820 622 714 700 605 945 563 836 127 397 713 123 958 715 407 96 786 653 84 43 276 497 230 760 478 841 490 500 363 0 120 123 
363 436 960 932 233 30 155 700 653 445 464 226 299 379 348 428 491 67 440 258 783 359 76 302 689 705 680 512 782 747 575 721 880 323 576 819 990 45 702 859 587 753 74 165 198 627 1000 431 624 889 880 202 935 581 464 595 197 147 560 73 120 0 992 
460 951 484 424 223 267 578 569 375 124 729 507 13 810 837 861 295 432 336 525 934 587 869 398 558 760 426 33 137 970 799 303 33 641 111 646 10 511 156 80 122 177 856 453 315 28 809 817 381 389 164 927 8 194 419 81 633 880 684 458 123 992 0 
1 0 0 0 1 0 1 0 1 0 1 1 1 1 1 0 0 1 1 0 0 0 1 0 0 1 1 1 1 1 1 0 1 0 1 1 1 1 0 0 0 0 1 1 0 0 0 1 0 1 1 1 1 1 1 1 0 0 0 0 1 0 1 