39
0 87 5 740 702 45 167 770 732 472 15 127 899 147 278 381 410 684 719 586 492 722 785 963 968 725 282 737 635 808 202 680 181 266 44 167 627 722 246 
87 0 773 529 69 590 731 423 629 681 772 243 202 869 169 711 919 217 14 909 82 378 32 550 404 483 481 642 325 414 924 573 324 52 942 814 403 381 53 
5 773 0 749 160 534 417 353 124 165 98 709 273 731 944 597 916 569 383 637 341 854 666 719 927 812 374 717 617 799 224 702 940 88 475 152 998 494 472 
740 529 749 0 891 92 188 147 736 905 300 492 95 417 190 334 993 976 478 931 261 191 203 204 880 574 718 647 704 98 178 204 52 102 733 671 903 201 784 
702 69 160 891 0 419 681 136 912 472 857 731 339 256 855 370 34 548 7 687 813 432 522 368 54 315 718 248 884 277 3 133 938 325 322 996 63 345 75 
45 590 534 92 419 0 493 569 780 727 955 882 352 602 287 719 368 587 439 137 404 742 376 70 412 35 716 203 558 706 459 311 325 974 480 404 686 88 704 
167 731 417 188 681 493 0 293 386 941 141 450 648 751 194 242 821 521 924 935 791 281 179 42 197 334 778 899 741 997 146 572 139 574 104 447 526 531 702 
770 423 353 147 136 569 293 0 118 342 125 293 438 3 962 262 831 913 221 71 232 595 522 561 263 11 687 665 501 345 858 969 955 812 729 777 101 283 857 
732 629 124 736 912 780 386 118 0 621 94 775 294 369 9 102 34 364 227 230 987 265 319 147 487 508 42 272 556 562 304 721 408 400 210 970 936 857 541 
472 681 165 905 472 727 941 342 621 0 700 158 800 288 893 857 278 90 456 907 76 688 936 12 341 752 103 839 210 703 473 793 606 369 46 907 619 602 815 
15 772 98 300 857 955 141 125 94 700 0 582 157 204 848 167 780 782 978 610 885 376 408 664 678 987 771 379 588 353 449 881 61 585 190 641 887 521 324 
127 243 709 492 731 882 450 293 775 158 582 0 757 506 912 127 945 944 797 127 259 305 673 395 743 6 323 126 524 153 413 56 62 750 211 499 557 655 44 
899 202 273 95 339 352 648 438 294 800 157 757 0 73 735 447 351 388 499 647 437 266 194 936 289 265 448 324 74 583 834 412 158 609 850 187 771 688 924 
147 869 731 417 256 602 751 3 369 288 204 506 73 0 22 678 896 453 792 452 853 97 285 219 902 816 328 989 167 390 307 918 319 388 987 115 63 853 824 
278 169 944 190 855 287 194 962 9 893 848 912 735 22 0 870 681 146 169 382 144 721 53 374 608 794 476 193 337 143 348 245 353 532 540 897 347 480 680 
381 711 597 334 370 719 242 262 102 857 167 127 447 678 870 0 184 671 377 648 939 430 160 921 214 997 54 190 80 478 97 945 184 935 446 910 671 413 680 
410 919 916 993 34 368 821 831 34 278 780 945 351 896 681 184 0 541 320 60 610 976 4 898 308 135 855 35 350 864 707 361 506 329 713 38 358 47 217 
684 217 569 976 548 587 521 913 364 90 782 944 388 453 146 671 541 0 321 590 252 257 502 915 504 304 43 902 718 96 168 154 35 670 492 603 203 965 451 
719 14 383 478 7 439 924 221 227 456 978 797 499 792 169 377 320 321 0 884 395 595 607 32 633 653 114 984 238 660 884 624 984 9 265 350 869 525 270 
586 909 637 931 687 137 935 71 230 907 610 127 647 452 382 648 60 590 884 0 396 689 994 653 409 815 768 378 988 869 811 287 197 205 793 2 270 368 87 
492 82 341 261 813 404 791 232 987 76 885 259 437 853 144 939 610 252 395 396 0 364 996 964 793 955 519 600 122 505 537 820 783 215 141 215 200 315 761 
722 378 854 191 432 742 281 595 265 688 376 305 266 97 721 430 976 257 595 689 364 0 119 691 383 975 571 959 240 147 459 508 454 144 22 833 752 601 130 
785 32 666 203 522 376 179 522 319 936 408 673 194 285 53 160 4 502 607 994 996 119 0 513 902 481 17 544 834 906 376 543 77 504 13 663 785 736 455 
963 550 719 204 368 70 42 561 147 12 664 395 936 219 374 921 898 915 32 653 964 691 513 0 343 913 967 200 239 336 233 527 964 951 967 37 475 75 145 
968 404 927 880 54 412 197 263 487 341 678 743 289 902 608 214 308 504 633 409 793 383 902 343 0 344 234 668 608 600 486 190 526 756 285 132 243 750 102 
725 483 812 574 315 35 334 11 508 752 987 6 265 816 794 997 135 304 653 815 955 975 481 913 344 0 522 2 31 146 953 259 100 745 926 595 982 397 558 
282 481 374 718 718 716 778 687 42 103 771 323 448 328 476 54 855 43 114 768 519 571 17 967 234 522 0 442 807 363 953 115 916 886 777 892 172 428 840 
737 642 717 647 248 203 899 665 272 839 379 126 324 989 193 190 35 902 984 378 600 959 544 200 668 2 442 0 106 386 505 734 508 48 998 811 365 759 39 
635 325 617 704 884 558 741 501 556 210 588 524 74 167 337 80 350 718 238 988 122 240 834 239 608 31 807 106 0 62 35 68 839 691 13 600 63 420 664 
808 414 799 98 277 706 997 345 562 703 353 153 583 390 143 478 864 96 660 869 505 147 906 336 600 146 363 386 62 0 682 610 838 139 861 914 329 210 5 
202 924 224 178 3 459 146 858 304 473 449 413 834 307 348 97 707 168 884 811 537 459 376 233 486 953 953 505 35 682 0 113 380 998 893 715 318 840 481 
680 573 702 204 133 311 572 969 721 793 881 56 412 918 245 945 361 154 624 287 820 508 543 527 190 259 115 734 68 610 113 0 599 768 773 256 474 383 369 
181 324 940 52 938 325 139 955 408 606 61 62 158 319 353 184 506 35 984 197 783 454 77 964 526 100 916 508 839 838 380 599 0 354 148 642 907 359 230 
266 52 88 102 325 974 574 812 400 369 585 750 609 388 532 935 329 670 9 205 215 144 504 951 756 745 886 48 691 139 998 768 354 0 759 118 962 100 9 
44 942 475 733 322 480 104 729 210 46 190 211 850 987 540 446 713 492 265 793 141 22 13 967 285 926 777 998 13 861 893 773 148 759 0 986 896 278 4 
167 814 152 671 996 404 447 777 970 907 641 499 187 115 897 910 38 603 350 2 215 833 663 37 132 595 892 811 600 914 715 256 642 118 986 0 333 827 551 
627 403 998 903 63 686 526 101 936 619 887 557 771 63 347 671 358 203 869 270 200 752 785 475 243 982 172 365 63 329 318 474 907 962 896 333 0 733 191 
722 381 494 201 345 88 531 283 857 602 521 655 688 853 480 413 47 965 525 368 315 601 736 75 750 397 428 759 420 210 840 383 359 100 278 827 733 0 106 
246 53 472 784 75 704 702 857 541 815 324 44 924 824 680 680 217 451 270 87 761 130 455 145 102 558 840 39 664 5 481 369 230 9 4 551 191 106 0 
0 0 0 0 1 0 1 1 1 0 0 0 1 1 0 1 1 1 0 0 0 0 1 0 1 1 0 0 0 0 0 0 1 0 1 1 0 0 0 