82
0 685 975 639 914 774 328 732 918 999 19 678 459 545 803 161 255 218 570 718 162 918 665 25 52 206 646 359 552 188 637 90 946 205 726 314 780 64 50 989 978 790 505 183 509 145 258 286 897 378 461 303 132 967 865 594 773 308 237 645 285 612 759 765 923 477 834 783 686 875 962 136 158 543 618 926 278 999 293 840 327 687 
685 0 136 7 692 967 844 180 190 943 750 836 14 364 262 61 588 80 78 322 875 790 855 494 943 60 249 746 839 851 499 150 51 46 976 109 121 697 367 988 202 984 430 530 602 131 463 938 610 737 940 718 165 282 970 651 147 786 496 499 344 835 419 307 401 497 64 407 279 824 655 489 39 947 724 340 988 993 631 120 485 308 
975 136 0 608 277 956 716 5 461 912 805 657 55 23 475 549 168 539 222 190 212 602 909 379 419 256 986 284 895 193 420 991 97 541 799 970 818 222 346 106 42 707 843 235 300 184 685 338 356 456 545 842 354 106 401 665 779 736 897 963 838 313 272 718 125 929 351 618 677 518 317 877 780 332 267 935 138 214 772 190 260 968 
639 7 608 0 928 215 175 383 641 92 838 693 116 817 831 524 799 941 225 632 248 847 706 976 665 373 324 913 83 665 486 575 431 461 34 721 978 206 535 606 861 689 128 667 721 108 549 78 644 742 185 461 917 656 272 307 318 101 591 903 937 538 277 811 750 459 598 190 437 415 808 523 182 944 448 526 429 298 682 307 837 158 
914 692 277 928 0 556 52 920 746 257 798 92 23 761 86 119 868 461 542 206 446 637 677 193 144 886 461 617 793 862 467 598 54 939 621 803 176 657 873 966 523 60 316 695 553 283 572 557 174 2 467 666 637 603 311 271 401 174 327 70 628 701 15 228 246 41 507 354 739 572 217 900 93 595 307 727 559 869 801 820 176 881 
774 967 956 215 556 0 362 390 202 711 52 839 894 594 605 333 292 559 22 957 945 727 532 694 742 150 207 709 268 291 793 675 361 497 538 117 798 94 83 26 261 944 685 203 35 584 355 92 82 298 670 67 428 750 338 418 32 7 794 522 561 93 374 919 734 411 880 300 168 652 562 615 889 51 826 812 942 96 218 922 750 46 
328 844 716 175 52 362 0 467 477 174 880 649 511 411 523 756 606 191 463 230 731 904 121 249 859 616 582 810 587 114 544 917 255 431 599 413 287 499 193 252 749 864 902 263 349 633 845 700 371 77 376 119 271 552 402 397 926 675 927 917 764 916 704 229 261 25 77 736 546 985 400 189 86 384 617 61 699 405 884 61 366 842 
732 180 5 383 920 390 467 0 326 375 591 810 295 404 274 84 746 50 357 229 574 861 700 950 30 560 943 318 588 773 329 822 841 997 717 388 319 102 283 814 318 912 633 265 107 676 315 780 113 455 968 942 965 740 582 132 474 838 618 61 948 824 963 469 405 107 951 196 592 914 950 21 878 221 229 956 409 949 103 908 118 454 
918 190 461 641 746 202 477 326 0 591 893 453 622 59 204 940 102 599 229 934 492 110 820 157 503 340 395 912 417 341 197 43 373 104 376 41 288 333 813 866 451 610 876 380 89 423 499 475 460 803 293 267 256 536 572 961 376 213 505 254 357 568 778 369 14 871 470 104 84 338 45 477 924 798 637 853 554 107 56 641 598 41 
999 943 912 92 257 711 174 375 591 0 174 933 921 646 627 696 995 288 999 357 312 882 902 925 372 36 637 968 58 95 355 89 432 320 877 745 255 682 614 515 782 12 247 185 622 485 88 254 707 677 304 729 683 678 412 298 250 993 730 267 258 219 700 853 610 732 248 695 261 864 618 692 855 308 342 539 820 740 263 548 937 881 
19 750 805 838 798 52 880 591 893 174 0 798 639 704 490 852 588 30 29 53 902 59 968 237 939 174 981 355 106 467 506 214 281 238 410 739 778 307 738 660 502 189 790 815 126 433 993 473 413 672 321 365 39 167 239 329 528 915 403 758 150 598 604 253 907 931 689 174 952 200 447 994 57 43 687 638 991 760 1 224 905 716 
678 836 657 693 92 839 649 810 453 933 798 0 934 876 110 614 569 541 820 704 725 969 760 206 292 287 709 511 408 834 374 947 474 181 172 160 245 508 803 400 470 761 714 277 829 251 810 761 137 639 30 489 65 452 638 670 848 572 346 133 721 360 625 323 69 340 817 276 527 617 895 897 498 441 2 50 852 608 104 296 763 596 
459 14 55 116 23 894 511 295 622 921 639 934 0 389 298 933 627 251 200 688 69 987 532 671 847 550 429 122 795 981 209 986 107 368 624 321 326 449 309 743 518 220 237 905 586 141 234 227 865 831 831 370 439 321 20 192 841 261 697 162 70 668 852 469 79 86 782 317 179 251 903 132 3 650 929 666 985 550 482 237 490 376 
545 364 23 817 761 594 411 404 59 646 704 876 389 0 429 592 48 550 485 110 344 133 887 360 895 898 176 209 583 680 399 5 467 119 263 540 542 157 45 785 375 891 302 645 780 649 686 192 964 393 397 141 807 810 85 527 201 705 232 832 623 546 332 44 361 278 396 377 64 763 585 645 538 458 33 520 966 180 122 150 961 85 
803 262 475 831 86 605 523 274 204 627 490 110 298 429 0 802 890 139 200 707 116 125 141 149 356 157 847 266 233 735 471 885 944 952 761 881 268 462 559 93 325 232 264 88 586 512 375 324 856 699 477 497 220 3 271 132 187 95 510 714 512 164 955 897 435 43 707 589 317 337 519 977 912 714 960 760 760 796 528 166 424 300 
161 61 549 524 119 333 756 84 940 696 852 614 933 592 802 0 79 526 571 378 177 466 123 301 228 18 963 929 505 170 932 626 423 695 95 555 677 259 525 504 96 143 75 693 327 108 874 207 712 193 543 994 957 515 352 592 460 345 808 12 408 27 408 444 997 513 546 712 389 590 797 644 262 71 71 789 67 509 374 141 346 228 
255 588 168 799 868 292 606 746 102 995 588 569 627 48 890 79 0 151 799 724 718 453 737 430 695 407 99 469 363 728 692 782 684 256 608 25 701 752 131 816 206 431 371 561 306 984 272 218 685 51 943 606 595 397 460 130 893 265 579 9 656 647 19 397 180 450 245 971 399 805 915 881 36 978 429 137 15 653 227 829 950 537 
218 80 539 941 461 559 191 50 599 288 30 541 251 550 139 526 151 0 780 749 743 542 436 313 591 24 545 864 959 809 528 727 298 994 828 632 571 762 898 345 879 677 657 639 727 223 83 947 734 547 867 312 836 640 296 503 273 469 791 384 904 751 772 922 664 395 766 423 181 818 936 863 882 630 452 426 114 425 374 604 77 657 
570 78 222 225 542 22 463 357 229 999 29 820 200 485 200 571 799 780 0 965 471 629 833 621 985 247 524 816 437 703 900 761 398 233 800 670 779 270 561 838 854 19 84 914 372 427 881 82 101 349 85 37 417 952 653 946 813 653 255 822 406 142 572 955 837 288 997 357 148 961 969 366 504 91 425 846 869 491 103 647 1000 245 
718 322 190 632 206 957 230 229 934 357 53 704 688 110 707 378 724 749 965 0 689 248 358 715 21 762 804 455 867 713 188 590 976 269 185 439 414 842 996 450 408 235 764 729 177 755 822 714 495 959 132 792 968 969 515 906 253 508 543 450 707 97 198 990 210 71 656 625 122 348 803 15 639 114 350 392 8 848 653 78 350 362 
162 875 212 248 446 945 731 574 492 312 902 725 69 344 116 177 718 743 471 689 0 592 341 62 772 126 591 51 581 378 258 263 285 366 865 263 181 728 113 829 299 64 12 809 624 745 365 726 40 300 146 853 654 742 573 751 433 446 913 510 329 426 330 162 291 136 317 16 873 144 498 886 321 292 872 460 340 197 763 279 946 215 
918 790 602 847 637 727 904 861 110 882 59 969 987 133 125 466 453 542 629 248 592 0 58 79 84 209 499 455 931 745 95 115 51 567 946 172 832 470 24 237 874 916 704 284 246 13 107 521 789 719 529 756 884 368 531 993 357 885 454 237 448 306 436 743 3 447 212 203 329 844 244 590 364 316 982 655 107 770 305 313 453 91 
665 855 909 706 677 532 121 700 820 902 968 760 532 887 141 123 737 436 833 358 341 58 0 435 385 876 241 862 452 629 927 105 797 369 431 316 660 393 478 63 304 904 249 811 624 977 888 910 272 141 123 136 549 764 857 78 537 647 836 926 203 510 761 444 479 282 435 190 522 380 838 262 666 385 194 140 783 798 437 398 47 787 
25 494 379 976 193 694 249 950 157 925 237 206 671 360 149 301 430 313 621 715 62 79 435 0 644 343 332 111 327 887 722 626 668 175 884 62 74 795 267 978 652 593 379 78 469 400 619 301 702 222 398 367 35 680 533 689 924 751 153 833 579 115 592 944 768 639 22 802 822 806 783 453 428 137 667 554 82 897 635 884 311 627 
52 943 419 665 144 742 859 30 503 372 939 292 847 895 356 228 695 591 985 21 772 84 385 644 0 695 676 20 320 926 692 568 262 896 224 453 848 939 434 683 927 37 699 226 455 292 903 127 514 216 828 150 999 327 72 78 502 786 172 995 211 60 846 197 854 837 531 556 996 695 634 474 227 237 174 772 48 700 730 126 493 245 
206 60 256 373 886 150 616 560 340 36 174 287 550 898 157 18 407 24 247 762 126 209 876 343 695 0 873 914 783 446 502 570 574 677 752 831 572 410 403 448 587 639 952 262 298 933 786 721 303 824 104 211 220 552 537 822 920 366 615 378 153 887 517 875 146 263 770 660 952 92 818 972 595 359 641 710 323 866 832 516 498 887 
646 249 986 324 461 207 582 943 395 637 981 709 429 176 847 963 99 545 524 804 591 499 241 332 676 873 0 817 562 933 35 131 624 720 578 933 316 839 684 162 594 101 330 29 884 227 864 750 438 95 443 703 803 467 851 420 469 734 408 94 107 477 976 523 956 898 273 660 263 402 11 186 844 899 555 789 168 601 122 62 530 377 
359 746 284 913 617 709 810 318 912 968 355 511 122 209 266 929 469 864 816 455 51 455 862 111 20 914 817 0 726 198 210 953 380 899 705 510 260 170 394 471 842 926 262 534 234 582 522 230 183 40 258 578 505 760 443 607 904 816 945 812 438 137 369 834 90 323 864 903 203 733 239 861 741 756 997 787 632 436 161 540 657 879 
552 839 895 83 793 268 587 588 417 58 106 408 795 583 233 505 363 959 437 867 581 931 452 327 320 783 562 726 0 983 756 637 107 908 106 889 282 399 850 195 486 479 989 758 448 103 570 893 924 721 923 424 633 634 896 32 915 15 374 29 561 684 626 301 447 25 287 397 931 623 16 7 163 508 128 300 733 93 743 872 338 186 
188 851 193 665 862 291 114 773 341 95 467 834 981 680 735 170 728 809 703 713 378 745 629 887 926 446 933 198 983 0 258 278 378 662 177 386 664 682 607 36 646 541 962 735 851 522 666 387 437 362 915 272 39 187 786 773 340 22 235 575 20 244 798 335 19 584 23 41 280 529 939 556 399 248 114 69 844 393 89 459 676 378 
637 499 420 486 467 793 544 329 197 355 506 374 209 399 471 932 692 528 900 188 258 95 927 722 692 502 35 210 756 258 0 232 782 939 14 329 375 136 592 436 327 473 774 803 264 784 919 906 731 315 685 897 607 786 17 13 324 401 897 728 855 730 448 725 715 641 254 949 447 689 22 315 343 649 916 859 378 105 203 376 582 273 
90 150 991 575 598 675 917 822 43 89 214 947 986 5 885 626 782 727 761 590 263 115 105 626 568 570 131 953 637 278 232 0 47 840 349 479 574 163 410 953 561 86 457 883 364 236 644 876 935 666 465 271 47 416 731 954 80 882 629 616 986 62 111 612 277 951 81 850 160 653 130 383 175 992 786 620 937 681 530 327 852 331 
946 51 97 431 54 361 255 841 373 432 281 474 107 467 944 423 684 298 398 976 285 51 797 668 262 574 624 380 107 378 782 47 0 52 857 916 865 487 249 939 116 609 157 835 671 224 741 802 245 244 976 534 143 175 28 795 603 6 631 988 55 725 632 566 620 967 124 395 364 499 847 432 132 551 769 331 986 219 25 817 561 418 
205 46 541 461 939 497 431 997 104 320 238 181 368 119 952 695 256 994 233 269 366 567 369 175 896 677 720 899 908 662 939 840 52 0 637 969 877 129 676 744 405 920 810 359 433 974 381 402 38 112 455 764 194 544 513 765 830 329 696 71 870 785 781 279 570 325 315 254 674 464 571 609 211 972 253 904 966 408 117 452 919 528 
726 976 799 34 621 538 599 717 376 877 410 172 624 263 761 95 608 828 800 185 865 946 431 884 224 752 578 705 106 177 14 349 857 637 0 933 822 213 292 467 408 437 458 386 670 265 1000 277 913 769 827 196 694 932 546 408 244 165 248 259 495 883 553 336 574 424 398 346 880 859 302 380 96 510 93 489 756 189 335 738 210 484 
314 109 970 721 803 117 413 388 41 745 739 160 321 540 881 555 25 632 670 439 263 172 316 62 453 831 933 510 889 386 329 479 916 969 933 0 927 170 108 626 628 336 768 735 473 330 19 494 324 489 391 542 45 185 765 147 24 379 833 934 30 860 973 739 649 340 424 868 769 828 833 311 857 956 566 721 12 171 376 183 26 977 
780 121 818 978 176 798 287 319 288 255 778 245 326 542 268 677 701 571 779 414 181 832 660 74 848 572 316 260 282 664 375 574 865 877 822 927 0 290 93 934 643 823 669 799 41 885 919 705 555 982 91 193 211 578 902 636 466 719 119 267 324 287 248 873 691 486 416 354 158 426 720 667 617 911 597 858 399 785 8 195 835 457 
64 697 222 206 657 94 499 102 333 682 307 508 449 157 462 259 752 762 270 842 728 470 393 795 939 410 839 170 399 682 136 163 487 129 213 170 290 0 497 610 434 458 398 953 83 134 760 787 949 847 771 703 3 281 735 397 339 720 900 990 707 406 680 324 936 333 67 218 163 91 289 930 45 617 993 285 379 961 523 232 790 429 
50 367 346 535 873 83 193 283 813 614 738 803 309 45 559 525 131 898 561 996 113 24 478 267 434 403 684 394 850 607 592 410 249 676 292 108 93 497 0 72 790 420 711 759 632 783 856 933 790 217 196 245 208 592 592 295 132 205 590 876 577 32 374 152 339 760 598 274 312 264 479 263 62 460 741 188 925 705 285 949 91 152 
989 988 106 606 966 26 252 814 866 515 660 400 743 785 93 504 816 345 838 450 829 237 63 978 683 448 162 471 195 36 436 953 939 744 467 626 934 610 72 0 689 200 413 756 892 215 936 830 677 747 363 337 811 172 961 333 959 459 624 236 710 782 89 846 350 799 537 273 224 908 62 222 807 26 735 274 830 680 270 112 89 467 
978 202 42 861 523 261 749 318 451 782 502 470 518 375 325 96 206 879 854 408 299 874 304 652 927 587 594 842 486 646 327 561 116 405 408 628 643 434 790 689 0 494 855 780 173 138 909 474 99 657 29 101 396 80 500 535 445 117 609 656 595 9 839 986 786 857 441 266 872 413 327 581 680 563 434 893 107 998 2 87 796 792 
790 984 707 689 60 944 864 912 610 12 189 761 220 891 232 143 431 677 19 235 64 916 904 593 37 639 101 926 479 541 473 86 609 920 437 336 823 458 420 200 494 0 415 895 200 887 550 308 61 704 788 328 626 380 119 179 121 354 9 326 300 287 952 922 108 556 876 533 751 810 830 259 729 299 622 602 617 999 327 695 658 728 
505 430 843 128 316 685 902 633 876 247 790 714 237 302 264 75 371 657 84 764 12 704 249 379 699 952 330 262 989 962 774 457 157 810 458 768 669 398 711 413 855 415 0 837 754 443 765 881 856 248 692 182 405 801 452 670 898 551 849 933 846 714 981 312 968 655 339 330 998 399 550 364 740 324 12 736 213 317 892 646 1 963 
183 530 235 667 695 203 263 265 380 185 815 277 905 645 88 693 561 639 914 729 809 284 811 78 226 262 29 534 758 735 803 883 835 359 386 735 799 953 759 756 780 895 837 0 227 615 159 540 111 367 308 888 208 315 744 430 63 72 704 909 963 672 122 625 310 398 500 226 766 421 750 347 632 639 112 641 207 418 512 12 107 130 
509 602 300 721 553 35 349 107 89 622 126 829 586 780 586 327 306 727 372 177 624 246 624 469 455 298 884 234 448 851 264 364 671 433 670 473 41 83 632 892 173 200 754 227 0 969 75 790 680 904 162 746 437 477 405 113 234 283 703 693 369 51 612 594 777 176 460 996 789 207 234 768 155 654 37 923 250 713 146 143 644 770 
145 131 184 108 283 584 633 676 423 485 433 251 141 649 512 108 984 223 427 755 745 13 977 400 292 933 227 582 103 522 784 236 224 974 265 330 885 134 783 215 138 887 443 615 969 0 1 859 437 808 635 623 56 51 369 754 420 482 803 488 646 65 411 134 727 816 274 939 841 40 765 682 223 387 214 205 772 550 866 376 803 737 
258 463 685 549 572 355 845 315 499 88 993 810 234 686 375 874 272 83 881 822 365 107 888 619 903 786 864 522 570 666 919 644 741 381 1000 19 919 760 856 936 909 550 765 159 75 1 0 668 217 630 265 686 185 896 897 202 832 820 761 783 338 787 985 868 639 945 390 674 150 746 855 470 306 585 219 505 407 972 818 151 507 901 
286 938 338 78 557 92 700 780 475 254 473 761 227 192 324 207 218 947 82 714 726 521 910 301 127 721 750 230 893 387 906 876 802 402 277 494 705 787 933 830 474 308 881 540 790 859 668 0 29 46 321 347 419 289 401 47 370 989 41 7 277 704 677 390 690 571 731 720 996 183 165 556 518 494 207 83 123 312 999 270 710 169 
897 610 356 644 174 82 371 113 460 707 413 137 865 964 856 712 685 734 101 495 40 789 272 702 514 303 438 183 924 437 731 935 245 38 913 324 555 949 790 677 99 61 856 111 680 437 217 29 0 139 525 183 621 358 25 765 268 817 126 771 47 754 552 192 590 471 248 703 700 891 110 951 236 168 979 235 954 89 587 944 104 255 
378 737 456 742 2 298 77 455 803 677 672 639 831 393 699 193 51 547 349 959 300 719 141 222 216 824 95 40 721 362 315 666 244 112 769 489 982 847 217 747 657 704 248 367 904 808 630 46 139 0 386 342 835 260 407 585 688 378 590 60 739 459 257 415 192 57 638 887 446 987 628 790 963 824 203 258 458 62 158 631 227 924 
461 940 545 185 467 670 376 968 293 304 321 30 831 397 477 543 943 867 85 132 146 529 123 398 828 104 443 258 923 915 685 465 976 455 827 391 91 771 196 363 29 788 692 308 162 635 265 321 525 386 0 89 64 645 54 799 234 143 579 544 252 203 275 789 139 168 815 399 474 925 343 441 72 735 850 6 808 787 95 741 937 243 
303 718 842 461 666 67 119 942 267 729 365 489 370 141 497 994 606 312 37 792 853 756 136 367 150 211 703 578 424 272 897 271 534 764 196 542 193 703 245 337 101 328 182 888 746 623 686 347 183 342 89 0 44 994 532 844 74 760 882 359 415 839 973 437 573 882 416 637 714 246 405 717 242 835 600 440 62 338 17 477 255 547 
132 165 354 917 637 428 271 965 256 683 39 65 439 807 220 957 595 836 417 968 654 884 549 35 999 220 803 505 633 39 607 47 143 194 694 45 211 3 208 811 396 626 405 208 437 56 185 419 621 835 64 44 0 294 183 154 667 946 301 50 803 464 888 23 28 364 19 617 723 558 46 361 94 636 482 356 49 942 794 415 854 535 
967 282 106 656 603 750 552 740 536 678 167 452 321 810 3 515 397 640 952 969 742 368 764 680 327 552 467 760 634 187 786 416 175 544 932 185 578 281 592 172 80 380 801 315 477 51 896 289 358 260 645 994 294 0 646 501 240 398 409 432 876 519 965 99 392 681 110 677 367 80 104 558 954 146 168 5 63 141 959 748 274 432 
865 970 401 272 311 338 402 582 572 412 239 638 20 85 271 352 460 296 653 515 573 531 857 533 72 537 851 443 896 786 17 731 28 513 546 765 902 735 592 961 500 119 452 744 405 369 897 401 25 407 54 532 183 646 0 341 6 912 524 988 680 939 212 610 697 591 483 864 730 945 1000 232 795 816 294 427 441 670 25 108 537 475 
594 651 665 307 271 418 397 132 961 298 329 670 192 527 132 592 130 503 946 906 751 993 78 689 78 822 420 607 32 773 13 954 795 765 408 147 636 397 295 333 535 179 670 430 113 754 202 47 765 585 799 844 154 501 341 0 907 962 873 655 170 455 71 573 665 776 532 213 965 802 409 988 84 101 842 835 653 293 934 36 692 300 
773 147 779 318 401 32 926 474 376 250 528 848 841 201 187 460 893 273 813 253 433 357 537 924 502 920 469 904 915 340 324 80 603 830 244 24 466 339 132 959 445 121 898 63 234 420 832 370 268 688 234 74 667 240 6 907 0 200 416 307 295 485 856 938 386 576 291 20 334 990 601 152 862 686 88 151 331 668 443 582 861 725 
308 786 736 101 174 7 675 838 213 993 915 572 261 705 95 345 265 469 653 508 446 885 647 751 786 366 734 816 15 22 401 882 6 329 165 379 719 720 205 459 117 354 551 72 283 482 820 989 817 378 143 760 946 398 912 962 200 0 386 638 155 793 394 478 611 661 193 368 490 22 936 254 203 91 232 613 9 280 462 698 673 663 
237 496 897 591 327 794 927 618 505 730 403 346 697 232 510 808 579 791 255 543 913 454 836 153 172 615 408 945 374 235 897 629 631 696 248 833 119 900 590 624 609 9 849 704 703 803 761 41 126 590 579 882 301 409 524 873 416 386 0 38 530 870 216 536 255 404 60 875 720 513 210 958 370 830 539 456 851 779 957 645 889 462 
645 499 963 903 70 522 917 61 254 267 758 133 162 832 714 12 9 384 822 450 510 237 926 833 995 378 94 812 29 575 728 616 988 71 259 934 267 990 876 236 656 326 933 909 693 488 783 7 771 60 544 359 50 432 988 655 307 638 38 0 44 483 345 336 600 328 527 218 875 996 126 420 433 52 397 69 917 533 425 887 165 500 
285 344 838 937 628 561 764 948 357 258 150 721 70 623 512 408 656 904 406 707 329 448 203 579 211 153 107 438 561 20 855 986 55 870 495 30 324 707 577 710 595 300 846 963 369 646 338 277 47 739 252 415 803 876 680 170 295 155 530 44 0 603 3 440 110 664 578 744 120 895 293 452 1 380 1000 751 71 382 81 622 343 230 
612 835 313 538 701 93 916 824 568 219 598 360 668 546 164 27 647 751 142 97 426 306 510 115 60 887 477 137 684 244 730 62 725 785 883 860 287 406 32 782 9 287 714 672 51 65 787 704 754 459 203 839 464 519 939 455 485 793 870 483 603 0 311 344 977 315 274 759 545 51 625 777 495 926 754 862 515 980 631 475 699 337 
759 419 272 277 15 374 704 963 778 700 604 625 852 332 955 408 19 772 572 198 330 436 761 592 846 517 976 369 626 798 448 111 632 781 553 973 248 680 374 89 839 952 981 122 612 411 985 677 552 257 275 973 888 965 212 71 856 394 216 345 3 311 0 902 722 697 643 514 672 269 521 426 96 916 400 200 610 501 333 513 438 47 
765 307 718 811 228 919 229 469 369 853 253 323 469 44 897 444 397 922 955 990 162 743 444 944 197 875 523 834 301 335 725 612 566 279 336 739 873 324 152 846 986 922 312 625 594 134 868 390 192 415 789 437 23 99 610 573 938 478 536 336 440 344 902 0 657 906 308 122 605 286 191 485 240 9 883 922 298 573 652 434 829 219 
923 401 125 750 246 734 261 405 14 610 907 69 79 361 435 997 180 664 837 210 291 3 479 768 854 146 956 90 447 19 715 277 620 570 574 649 691 936 339 350 786 108 968 310 777 727 639 690 590 192 139 573 28 392 697 665 386 611 255 600 110 977 722 657 0 444 201 717 995 382 5 457 72 535 16 792 362 196 130 69 734 158 
477 497 929 459 41 411 25 107 871 732 931 340 86 278 43 513 450 395 288 71 136 447 282 639 837 263 898 323 25 584 641 951 967 325 424 340 486 333 760 799 857 556 655 398 176 816 945 571 471 57 168 882 364 681 591 776 576 661 404 328 664 315 697 906 444 0 260 422 378 707 285 147 111 343 535 875 668 429 29 396 284 288 
834 64 351 598 507 880 77 951 470 248 689 817 782 396 707 546 245 766 997 656 317 212 435 22 531 770 273 864 287 23 254 81 124 315 398 424 416 67 598 537 441 876 339 500 460 274 390 731 248 638 815 416 19 110 483 532 291 193 60 527 578 274 643 308 201 260 0 849 258 108 451 351 488 243 63 120 46 471 669 836 878 942 
783 407 618 190 354 300 736 196 104 695 174 276 317 377 589 712 971 423 357 625 16 203 190 802 556 660 660 903 397 41 949 850 395 254 346 868 354 218 274 273 266 533 330 226 996 939 674 720 703 887 399 637 617 677 864 213 20 368 875 218 744 759 514 122 717 422 849 0 869 496 672 391 578 634 673 667 868 485 181 630 634 252 
686 279 677 437 739 168 546 592 84 261 952 527 179 64 317 389 399 181 148 122 873 329 522 822 996 952 263 203 931 280 447 160 364 674 880 769 158 163 312 224 872 751 998 766 789 841 150 996 700 446 474 714 723 367 730 965 334 490 720 875 120 545 672 605 995 378 258 869 0 569 708 568 900 951 661 169 152 849 353 780 610 467 
875 824 518 415 572 652 985 914 338 864 200 617 251 763 337 590 805 818 961 348 144 844 380 806 695 92 402 733 623 529 689 653 499 464 859 828 426 91 264 908 413 810 399 421 207 40 746 183 891 987 925 246 558 80 945 802 990 22 513 996 895 51 269 286 382 707 108 496 569 0 571 879 163 443 193 124 115 168 261 863 704 54 
962 655 317 808 217 562 400 950 45 618 447 895 903 585 519 797 915 936 969 803 498 244 838 783 634 818 11 239 16 939 22 130 847 571 302 833 720 289 479 62 327 830 550 750 234 765 855 165 110 628 343 405 46 104 1000 409 601 936 210 126 293 625 521 191 5 285 451 672 708 571 0 731 113 923 345 976 235 826 337 314 786 742 
136 489 877 523 900 615 189 21 477 692 994 897 132 645 977 644 881 863 366 15 886 590 262 453 474 972 186 861 7 556 315 383 432 609 380 311 667 930 263 222 581 259 364 347 768 682 470 556 951 790 441 717 361 558 232 988 152 254 958 420 452 777 426 485 457 147 351 391 568 879 731 0 114 132 291 55 156 374 910 490 442 468 
158 39 780 182 93 889 86 878 924 855 57 498 3 538 912 262 36 882 504 639 321 364 666 428 227 595 844 741 163 399 343 175 132 211 96 857 617 45 62 807 680 729 740 632 155 223 306 518 236 963 72 242 94 954 795 84 862 203 370 433 1 495 96 240 72 111 488 578 900 163 113 114 0 242 60 886 976 746 110 238 503 513 
543 947 332 944 595 51 384 221 798 308 43 441 650 458 714 71 978 630 91 114 292 316 385 137 237 359 899 756 508 248 649 992 551 972 510 956 911 617 460 26 563 299 324 639 654 387 585 494 168 824 735 835 636 146 816 101 686 91 830 52 380 926 916 9 535 343 243 634 951 443 923 132 242 0 122 791 688 376 202 511 303 593 
618 724 267 448 307 826 617 229 637 342 687 2 929 33 960 71 429 452 425 350 872 982 194 667 174 641 555 997 128 114 916 786 769 253 93 566 597 993 741 735 434 622 12 112 37 214 219 207 979 203 850 600 482 168 294 842 88 232 539 397 1000 754 400 883 16 535 63 673 661 193 345 291 60 122 0 427 458 758 585 468 584 574 
926 340 935 526 727 812 61 956 853 539 638 50 666 520 760 789 137 426 846 392 460 655 140 554 772 710 789 787 300 69 859 620 331 904 489 721 858 285 188 274 893 602 736 641 923 205 505 83 235 258 6 440 356 5 427 835 151 613 456 69 751 862 200 922 792 875 120 667 169 124 976 55 886 791 427 0 460 163 296 602 320 964 
278 988 138 429 559 942 699 409 554 820 991 852 985 966 760 67 15 114 869 8 340 107 783 82 48 323 168 632 733 844 378 937 986 966 756 12 399 379 925 830 107 617 213 207 250 772 407 123 954 458 808 62 49 63 441 653 331 9 851 917 71 515 610 298 362 668 46 868 152 115 235 156 976 688 458 460 0 371 51 564 429 95 
999 993 214 298 869 96 405 949 107 740 760 608 550 180 796 509 653 425 491 848 197 770 798 897 700 866 601 436 93 393 105 681 219 408 189 171 785 961 705 680 998 999 317 418 713 550 972 312 89 62 787 338 942 141 670 293 668 280 779 533 382 980 501 573 196 429 471 485 849 168 826 374 746 376 758 163 371 0 608 699 173 726 
293 631 772 682 801 218 884 103 56 263 1 104 482 122 528 374 227 374 103 653 763 305 437 635 730 832 122 161 743 89 203 530 25 117 335 376 8 523 285 270 2 327 892 512 146 866 818 999 587 158 95 17 794 959 25 934 443 462 957 425 81 631 333 652 130 29 669 181 353 261 337 910 110 202 585 296 51 608 0 209 368 965 
840 120 190 307 820 922 61 908 641 548 224 296 237 150 166 141 829 604 647 78 279 313 398 884 126 516 62 540 872 459 376 327 817 452 738 183 195 232 949 112 87 695 646 12 143 376 151 270 944 631 741 477 415 748 108 36 582 698 645 887 622 475 513 434 69 396 836 630 780 863 314 490 238 511 468 602 564 699 209 0 652 251 
327 485 260 837 176 750 366 118 598 937 905 763 490 961 424 346 950 77 1000 350 946 453 47 311 493 498 530 657 338 676 582 852 561 919 210 26 835 790 91 89 796 658 1 107 644 803 507 710 104 227 937 255 854 274 537 692 861 673 889 165 343 699 438 829 734 284 878 634 610 704 786 442 503 303 584 320 429 173 368 652 0 591 
687 308 968 158 881 46 842 454 41 881 716 596 376 85 300 228 537 657 245 362 215 91 787 627 245 887 377 879 186 378 273 331 418 528 484 977 457 429 152 467 792 728 963 130 770 737 901 169 255 924 243 547 535 432 475 300 725 663 462 500 230 337 47 219 158 288 942 252 467 54 742 468 513 593 574 964 95 726 965 251 591 0 
1 0 1 1 1 1 0 1 0 0 1 1 1 1 1 0 1 1 0 1 0 1 1 1 0 0 1 1 0 1 0 0 0 0 1 0 1 1 0 1 0 1 1 1 0 0 0 0 0 1 1 0 1 0 1 1 1 1 1 1 0 1 1 0 1 1 0 1 1 0 0 1 0 0 1 0 1 0 1 1 1 1 