29
0 365 527 771 540 252 108 743 462 746 829 845 608 510 978 120 13 513 162 148 5 357 870 520 47 625 150 928 613 
365 0 484 584 726 423 42 980 67 572 171 448 981 349 801 787 995 798 901 357 170 315 653 845 648 822 528 621 72 
527 484 0 331 268 573 503 929 6 629 666 483 994 354 667 624 692 322 507 792 187 165 33 399 193 481 161 399 97 
771 584 331 0 21 496 820 796 825 702 49 319 231 231 920 443 927 275 899 812 467 39 913 280 933 715 628 467 643 
540 726 268 21 0 744 210 762 104 238 871 252 608 669 756 324 163 184 951 910 657 157 676 616 458 830 942 224 841 
252 423 573 496 744 0 167 236 292 937 263 23 842 107 929 109 373 933 314 166 669 232 659 965 163 767 560 119 812 
108 42 503 820 210 167 0 587 337 365 736 157 378 711 100 702 552 967 975 444 74 471 156 645 405 54 183 630 67 
743 980 929 796 762 236 587 0 548 38 218 474 362 255 225 135 958 439 962 846 231 406 911 727 134 451 977 209 59 
462 67 6 825 104 292 337 548 0 466 18 338 792 891 549 2 79 742 807 939 107 190 596 637 438 434 575 482 205 
746 572 629 702 238 937 365 38 466 0 844 925 775 598 618 560 455 965 428 298 669 42 793 674 509 137 171 313 569 
829 171 666 49 871 263 736 218 18 844 0 296 986 32 140 762 96 99 186 262 422 310 439 923 721 821 227 869 757 
845 448 483 319 252 23 157 474 338 925 296 0 897 904 789 323 998 978 26 876 881 309 983 761 634 968 896 245 825 
608 981 994 231 608 842 378 362 792 775 986 897 0 644 263 869 163 678 483 833 375 109 506 406 200 324 523 597 669 
510 349 354 231 669 107 711 255 891 598 32 904 644 0 179 16 568 116 700 696 524 561 723 137 66 415 79 149 238 
978 801 667 920 756 929 100 225 549 618 140 789 263 179 0 658 191 182 762 926 181 326 173 171 862 671 874 814 204 
120 787 624 443 324 109 702 135 2 560 762 323 869 16 658 0 117 303 576 155 886 737 392 912 318 437 90 3 733 
13 995 692 927 163 373 552 958 79 455 96 998 163 568 191 117 0 131 757 796 400 77 957 286 926 167 232 282 595 
513 798 322 275 184 933 967 439 742 965 99 978 678 116 182 303 131 0 838 547 331 469 740 618 17 289 430 270 470 
162 901 507 899 951 314 975 962 807 428 186 26 483 700 762 576 757 838 0 467 544 270 208 736 205 297 668 233 644 
148 357 792 812 910 166 444 846 939 298 262 876 833 696 926 155 796 547 467 0 969 29 77 260 103 202 724 619 624 
5 170 187 467 657 669 74 231 107 669 422 881 375 524 181 886 400 331 544 969 0 82 672 112 810 417 275 262 771 
357 315 165 39 157 232 471 406 190 42 310 309 109 561 326 737 77 469 270 29 82 0 932 751 925 356 528 654 842 
870 653 33 913 676 659 156 911 596 793 439 983 506 723 173 392 957 740 208 77 672 932 0 896 697 370 310 462 499 
520 845 399 280 616 965 645 727 637 674 923 761 406 137 171 912 286 618 736 260 112 751 896 0 428 931 561 703 680 
47 648 193 933 458 163 405 134 438 509 721 634 200 66 862 318 926 17 205 103 810 925 697 428 0 681 426 976 638 
625 822 481 715 830 767 54 451 434 137 821 968 324 415 671 437 167 289 297 202 417 356 370 931 681 0 793 353 197 
150 528 161 628 942 560 183 977 575 171 227 896 523 79 874 90 232 430 668 724 275 528 310 561 426 793 0 518 172 
928 621 399 467 224 119 630 209 482 313 869 245 597 149 814 3 282 270 233 619 262 654 462 703 976 353 518 0 718 
613 72 97 643 841 812 67 59 205 569 757 825 669 238 204 733 595 470 644 624 771 842 499 680 638 197 172 718 0 
0 0 0 1 1 0 0 0 1 1 0 1 0 0 1 0 0 0 1 0 0 0 0 1 0 0 0 0 0 