14
0 191 658 118 427 104 900 994 513 970 959 651 252 183 
191 0 802 686 204 125 17 190 273 385 597 76 583 39 
658 802 0 12 913 783 159 449 533 299 972 307 973 243 
118 686 12 0 355 331 556 967 562 972 136 514 386 844 
427 204 913 355 0 827 424 146 385 747 652 200 83 578 
104 125 783 331 827 0 564 888 877 998 265 73 579 265 
900 17 159 556 424 564 0 722 726 455 514 434 200 291 
994 190 449 967 146 888 722 0 560 626 127 579 247 194 
513 273 533 562 385 877 726 560 0 114 670 654 909 651 
970 385 299 972 747 998 455 626 114 0 4 688 580 909 
959 597 972 136 652 265 514 127 670 4 0 781 874 191 
651 76 307 514 200 73 434 579 654 688 781 0 340 683 
252 583 973 386 83 579 200 247 909 580 874 340 0 385 
183 39 243 844 578 265 291 194 651 909 191 683 385 0 
0 0 0 1 0 0 1 0 1 1 0 0 0 0 