83
0 150 578 714 408 454 352 305 268 776 558 802 467 241 674 575 494 221 969 772 887 148 15 91 33 174 434 672 550 787 404 832 936 740 737 652 403 900 576 622 64 882 993 849 901 574 58 555 185 914 146 843 260 522 565 979 885 61 766 664 527 421 709 35 299 88 167 375 460 322 20 770 640 980 836 204 224 114 281 805 555 691 168 
150 0 252 893 51 172 565 284 956 525 753 773 348 231 78 633 164 597 898 526 832 128 331 766 292 83 228 121 663 242 187 802 905 676 584 586 106 566 873 224 215 373 619 574 380 907 20 110 204 83 876 751 560 417 272 165 810 560 424 982 542 418 457 573 177 642 64 339 73 555 318 657 962 800 87 923 846 252 810 357 710 9 605 
578 252 0 490 649 484 954 513 289 922 436 898 587 861 259 970 390 362 558 359 356 26 706 484 84 123 120 512 589 359 290 450 449 86 22 300 260 5 128 440 250 649 48 665 149 205 131 549 695 463 573 54 371 942 233 561 237 488 823 738 969 899 191 923 454 357 703 940 569 733 936 527 981 52 184 781 96 660 498 317 507 901 256 
714 893 490 0 37 552 346 486 698 840 870 440 702 860 121 135 758 25 188 866 374 766 500 909 310 533 269 909 449 810 13 678 737 508 956 395 121 348 358 442 656 78 70 357 205 652 854 634 396 725 277 369 769 59 214 971 278 726 266 431 572 189 633 878 721 646 241 418 324 225 178 469 151 902 719 100 756 253 502 92 726 385 648 
408 51 649 37 0 712 493 671 864 434 873 143 838 94 758 648 462 198 639 133 694 396 869 661 81 326 851 30 274 337 562 84 50 802 92 99 655 33 120 838 516 4 489 133 606 387 318 116 25 626 310 447 581 37 178 154 423 162 377 943 24 874 536 81 59 949 293 230 978 113 425 816 312 773 475 812 21 936 267 37 422 42 8 
454 172 484 552 712 0 332 499 692 880 215 636 518 304 889 81 660 295 699 670 608 577 404 627 373 387 873 477 228 132 60 363 512 321 374 332 217 461 799 369 353 805 371 232 322 160 882 389 783 156 905 600 745 649 513 939 874 189 294 308 244 713 524 737 22 901 602 13 811 848 122 445 651 985 165 800 898 425 701 720 473 142 184 
352 565 954 346 493 332 0 146 215 666 716 579 317 214 381 186 88 427 616 79 516 131 714 299 376 803 842 304 858 659 155 8 956 534 891 670 101 977 536 182 767 236 436 541 47 53 450 565 417 434 513 152 185 835 217 605 355 411 766 855 887 266 916 600 599 874 762 669 175 90 477 161 37 424 363 146 46 495 832 982 279 847 158 
305 284 513 486 671 499 146 0 547 360 546 134 921 80 213 966 333 293 448 37 400 320 784 391 971 349 612 37 114 554 744 452 44 938 535 874 48 112 734 261 683 511 494 5 818 774 200 779 303 268 52 124 311 3 558 618 660 413 377 763 648 736 167 922 214 987 371 941 454 744 114 296 808 252 616 883 443 553 819 810 655 648 127 
268 956 289 698 864 692 215 547 0 797 312 922 443 52 646 300 923 718 952 893 113 261 961 98 405 411 970 397 960 503 997 336 552 340 522 420 969 926 611 909 926 693 460 742 639 65 670 84 490 479 789 226 460 220 919 818 239 678 442 679 199 888 154 654 642 461 360 271 1000 263 718 166 903 465 893 518 297 796 300 977 22 141 504 
776 525 922 840 434 880 666 360 797 0 824 534 817 51 333 680 153 795 592 709 222 11 242 934 847 838 893 719 222 853 177 718 780 824 697 523 149 931 335 166 312 17 669 118 335 646 470 740 260 33 527 323 42 128 275 174 615 417 961 383 467 221 338 231 321 545 115 378 793 787 652 271 118 828 633 447 321 325 696 630 442 237 267 
558 753 436 870 873 215 716 546 312 824 0 827 651 893 67 815 399 136 43 705 930 353 687 509 789 428 1000 872 165 920 565 392 198 14 479 208 592 32 120 768 155 567 983 959 117 521 75 11 346 610 597 847 809 110 904 818 897 920 970 971 465 212 848 284 709 232 859 542 227 44 490 773 872 260 240 412 274 58 894 619 121 35 971 
802 773 898 440 143 636 579 134 922 534 827 0 428 567 683 307 631 375 549 33 594 659 369 420 406 323 714 318 43 570 962 197 467 80 632 991 829 721 376 263 202 903 183 405 518 931 586 856 620 971 919 589 611 481 928 337 921 228 272 291 760 235 718 270 877 284 77 581 809 823 175 60 23 387 406 28 642 896 666 152 664 445 714 
467 348 587 702 838 518 317 921 443 817 651 428 0 428 848 428 255 798 695 125 298 101 191 96 571 380 231 3 68 745 903 712 984 301 48 783 632 861 776 721 96 435 842 574 694 731 81 764 542 141 296 234 758 965 291 298 109 838 961 773 153 609 615 283 160 147 949 820 369 814 350 932 376 588 439 153 699 67 43 517 809 846 997 
241 231 861 860 94 304 214 80 52 51 893 567 428 0 289 199 989 466 247 246 597 703 143 962 690 403 199 888 898 99 737 702 690 247 319 338 133 941 988 645 400 417 483 907 533 771 540 745 171 577 618 227 250 294 680 202 895 677 887 180 993 574 294 294 180 804 940 137 232 38 904 529 82 839 223 511 962 298 753 100 397 934 350 
674 78 259 121 758 889 381 213 646 333 67 683 848 289 0 623 28 776 966 655 520 802 540 879 13 154 764 387 868 811 115 260 690 623 741 425 855 901 61 127 35 958 208 543 446 306 647 333 807 394 599 186 256 93 117 652 680 322 935 801 226 509 434 521 950 792 354 483 854 145 90 89 794 836 702 934 986 910 981 586 101 595 191 
575 633 970 135 648 81 186 966 300 680 815 307 428 199 623 0 735 180 820 344 999 857 263 112 934 620 594 749 61 97 844 614 934 602 68 167 558 421 720 548 708 578 420 88 938 65 30 372 321 763 207 709 243 546 867 115 761 304 215 179 351 858 281 407 85 15 119 915 523 239 99 574 882 671 960 969 272 495 553 786 41 863 430 
494 164 390 758 462 660 88 333 923 153 399 631 255 989 28 735 0 468 540 890 726 280 836 422 975 110 189 597 810 637 324 398 702 723 803 711 168 123 49 606 109 893 801 827 220 92 70 734 618 644 871 174 135 459 293 12 928 190 702 322 337 221 113 447 172 744 43 443 823 54 379 614 899 391 66 138 292 967 662 15 854 22 45 
221 597 362 25 198 295 427 293 718 795 136 375 798 466 776 180 468 0 822 93 18 840 1000 582 337 343 680 976 91 996 250 838 899 717 180 665 743 622 817 814 263 935 146 233 102 147 739 172 156 701 399 301 840 767 203 898 731 895 959 41 198 592 283 962 873 128 806 996 79 106 228 792 573 605 209 708 204 936 329 562 364 305 612 
969 898 558 188 639 699 616 448 952 592 43 549 695 247 966 820 540 822 0 163 324 940 330 292 821 470 87 50 506 601 414 760 117 405 348 823 470 736 750 224 651 600 326 587 995 516 598 965 730 152 307 789 384 804 977 630 318 505 634 724 996 800 903 399 848 507 974 855 837 996 177 955 93 774 137 943 213 453 750 277 102 363 471 
772 526 359 866 133 670 79 37 893 709 705 33 125 246 655 344 890 93 163 0 987 448 382 636 234 201 768 810 987 663 42 398 1 47 221 990 505 617 947 193 281 759 307 921 51 612 390 379 344 97 889 232 273 463 274 684 877 714 354 465 966 518 261 939 641 464 161 844 888 763 231 373 953 777 708 600 390 963 51 472 970 95 509 
887 832 356 374 694 608 516 400 113 222 930 594 298 597 520 999 726 18 324 987 0 858 864 888 660 394 785 366 687 90 993 590 469 958 346 611 770 126 823 743 65 184 175 539 815 735 643 48 234 403 907 242 831 759 680 701 297 925 640 934 516 816 600 921 754 274 98 767 319 565 831 543 245 980 602 704 794 528 695 671 819 939 863 
148 128 26 766 396 577 131 320 261 11 353 659 101 703 802 857 280 840 940 448 858 0 450 288 484 344 394 520 330 574 457 923 417 524 570 284 101 830 978 906 30 139 662 145 10 346 194 137 822 633 645 761 238 498 398 143 724 183 974 243 551 174 243 315 305 705 610 304 40 429 54 459 533 673 115 719 411 968 199 667 99 749 804 
15 331 706 500 869 404 714 784 961 242 687 369 191 143 540 263 836 1000 330 382 864 450 0 96 846 427 527 489 309 226 965 957 420 478 863 426 534 286 132 138 84 735 571 733 224 66 434 497 211 484 175 533 484 538 996 935 703 216 48 244 211 207 405 731 661 980 156 322 798 613 240 187 617 543 870 312 396 650 665 587 329 364 842 
91 766 484 909 661 627 299 391 98 934 509 420 96 962 879 112 422 582 292 636 888 288 96 0 213 741 697 82 471 137 385 934 156 542 562 849 215 889 626 224 394 431 236 55 932 414 598 59 607 481 465 371 677 573 531 185 513 276 127 943 971 869 407 926 800 555 428 367 634 607 813 437 362 410 906 715 930 638 599 11 857 52 250 
33 292 84 310 81 373 376 971 405 847 789 406 571 690 13 934 975 337 821 234 660 484 846 213 0 629 31 646 358 457 568 134 932 472 783 7 708 529 580 643 649 545 791 212 394 429 275 350 579 372 818 847 201 365 131 823 450 34 493 136 676 175 839 2 419 579 331 54 667 15 727 341 770 485 69 990 674 100 508 509 414 193 310 
174 83 123 533 326 387 803 349 411 838 428 323 380 403 154 620 110 343 470 201 394 344 427 741 629 0 985 8 524 324 648 210 695 484 526 765 123 117 206 98 190 120 900 618 420 303 323 39 804 428 116 412 618 767 782 771 361 197 391 579 658 160 522 382 235 3 187 360 349 520 715 682 247 731 827 844 548 194 405 407 633 408 659 
434 228 120 269 851 873 842 612 970 893 1000 714 231 199 764 594 189 680 87 768 785 394 527 697 31 985 0 818 412 83 709 217 77 352 790 426 703 192 581 517 797 628 382 649 167 496 136 88 706 822 509 585 967 117 542 530 623 123 576 557 180 818 468 519 554 721 302 16 360 799 101 873 36 514 265 273 157 818 719 435 540 133 9 
672 121 512 909 30 477 304 37 397 719 872 318 3 888 387 749 597 976 50 810 366 520 489 82 646 8 818 0 34 10 617 830 766 935 270 716 746 885 660 878 648 23 333 434 765 95 190 499 409 124 396 878 326 166 591 352 46 737 478 780 333 777 65 508 174 251 121 817 956 756 627 399 779 730 291 87 46 141 402 332 787 748 585 
550 663 589 449 274 228 858 114 960 222 165 43 68 898 868 61 810 91 506 987 687 330 309 471 358 524 412 34 0 156 356 303 244 567 447 300 751 668 583 133 663 953 519 765 526 511 212 285 63 132 288 936 779 550 183 496 299 299 373 111 970 926 363 947 538 534 365 250 925 907 833 708 438 683 269 189 916 316 989 234 642 817 756 
787 242 359 810 337 132 659 554 503 853 920 570 745 99 811 97 637 996 601 663 90 574 226 137 457 324 83 10 156 0 919 58 503 454 922 573 239 235 932 22 901 800 738 558 64 735 621 50 124 88 900 249 358 593 747 296 644 218 627 365 836 966 972 467 18 89 951 747 129 146 446 784 689 573 587 722 609 690 464 254 335 306 870 
404 187 290 13 562 60 155 744 997 177 565 962 903 737 115 844 324 250 414 42 993 457 965 385 568 648 709 617 356 919 0 779 776 365 184 253 797 283 755 561 212 906 403 424 557 273 876 168 92 580 401 883 786 44 665 771 263 568 845 743 946 397 546 541 879 162 755 950 966 19 175 888 608 765 536 423 972 143 757 14 387 716 63 
832 802 450 678 84 363 8 452 336 718 392 197 712 702 260 614 398 838 760 398 590 923 957 934 134 210 217 830 303 58 779 0 520 580 23 413 779 757 912 846 803 756 224 620 878 748 263 236 128 236 715 709 332 326 937 710 39 506 788 421 290 415 434 215 476 349 779 535 144 467 466 565 795 953 605 553 958 603 651 913 108 579 115 
936 905 449 737 50 512 956 44 552 780 198 467 984 690 690 934 702 899 117 1 469 417 420 156 932 695 77 766 244 503 776 520 0 444 207 312 16 282 924 792 253 459 830 719 319 151 109 263 29 3 595 407 177 114 161 116 309 568 779 807 12 593 787 859 414 734 154 151 803 623 807 856 533 229 294 981 659 686 358 380 945 51 187 
740 676 86 508 802 321 534 938 340 824 14 80 301 247 623 602 723 717 405 47 958 524 478 542 472 484 352 935 567 454 365 580 444 0 232 196 623 418 215 59 655 166 863 734 596 640 831 261 198 144 66 299 118 495 111 579 854 173 24 444 146 736 650 154 183 306 237 878 236 166 610 532 570 773 415 911 756 723 141 758 721 475 926 
737 584 22 956 92 374 891 535 522 697 479 632 48 319 741 68 803 180 348 221 346 570 863 562 783 526 790 270 447 922 184 23 207 232 0 711 170 876 364 292 222 785 811 367 376 337 915 734 166 662 359 778 113 78 51 356 835 81 246 337 426 666 325 460 452 773 236 446 196 914 811 530 987 274 448 827 734 833 905 216 31 297 175 
652 586 300 395 99 332 670 874 420 523 208 991 783 338 425 167 711 665 823 990 611 284 426 849 7 765 426 716 300 573 253 413 312 196 711 0 657 429 908 681 115 737 402 281 511 472 682 809 374 808 993 144 116 632 650 38 100 569 616 179 922 96 471 243 585 80 579 903 479 376 487 31 344 327 872 585 634 278 557 910 963 471 417 
403 106 260 121 655 217 101 48 969 149 592 829 632 133 855 558 168 743 470 505 770 101 534 215 708 123 703 746 751 239 797 779 16 623 170 657 0 438 537 924 206 23 765 154 613 389 456 851 81 441 279 875 204 401 409 162 725 24 530 425 458 364 612 741 659 837 141 387 656 546 726 539 780 133 240 692 894 605 934 907 68 902 188 
900 566 5 348 33 461 977 112 926 931 32 721 861 941 901 421 123 622 736 617 126 830 286 889 529 117 192 885 668 235 283 757 282 418 876 429 438 0 246 198 168 818 7 610 973 117 614 955 966 51 276 933 687 275 769 649 538 904 956 648 128 193 901 917 495 568 685 415 921 658 290 913 343 278 151 207 583 499 244 984 876 262 813 
576 873 128 358 120 799 536 734 611 335 120 376 776 988 61 720 49 817 750 947 823 978 132 626 580 206 581 660 583 932 755 912 924 215 364 908 537 246 0 900 451 186 96 663 123 496 672 166 158 247 262 971 865 268 122 684 681 485 367 31 707 564 848 660 948 23 430 996 723 261 795 662 7 148 112 293 652 128 198 767 760 974 24 
622 224 440 442 838 369 182 261 909 166 768 263 721 645 127 548 606 814 224 193 743 906 138 224 643 98 517 878 133 22 561 846 792 59 292 681 924 198 900 0 168 663 650 671 16 257 920 104 560 680 656 366 192 552 992 52 271 276 763 185 899 126 888 825 462 116 631 61 961 867 904 199 452 978 34 301 128 616 666 395 837 324 736 
64 215 250 656 516 353 767 683 926 312 155 202 96 400 35 708 109 263 651 281 65 30 84 394 649 190 797 648 663 901 212 803 253 655 222 115 206 168 451 168 0 991 102 273 660 758 914 443 189 458 867 470 585 512 421 147 39 804 338 800 517 568 594 40 440 497 317 614 880 395 529 341 188 23 769 377 233 958 861 274 663 606 402 
882 373 649 78 4 805 236 511 693 17 567 903 435 417 958 578 893 935 600 759 184 139 735 431 545 120 628 23 953 800 906 756 459 166 785 737 23 818 186 663 991 0 590 874 714 750 17 589 986 565 270 247 675 193 219 595 257 457 997 171 531 629 73 601 779 649 520 872 831 874 959 12 139 917 927 839 237 357 638 720 180 388 379 
993 619 48 70 489 371 436 494 460 669 983 183 842 483 208 420 801 146 326 307 175 662 571 236 791 900 382 333 519 738 403 224 830 863 811 402 765 7 96 650 102 590 0 481 831 676 24 925 98 1 403 602 490 458 504 766 591 277 750 692 319 546 829 764 77 403 816 22 152 477 566 75 977 630 622 559 111 297 109 563 51 979 361 
849 574 665 357 133 232 541 5 742 118 959 405 574 907 543 88 827 233 587 921 539 145 733 55 212 618 649 434 765 558 424 620 719 734 367 281 154 610 663 671 273 874 481 0 690 228 667 258 679 805 265 506 758 132 294 357 152 962 431 479 413 799 675 993 500 982 193 880 775 357 141 263 342 662 1000 289 403 965 232 598 535 787 305 
901 380 149 205 606 322 47 818 639 335 117 518 694 533 446 938 220 102 995 51 815 10 224 932 394 420 167 765 526 64 557 878 319 596 376 511 613 973 123 16 660 714 831 690 0 617 91 744 368 153 113 846 148 30 460 780 841 755 45 815 57 429 374 177 119 421 801 993 251 497 164 188 461 431 737 913 164 302 663 396 842 971 286 
574 907 205 652 387 160 53 774 65 646 521 931 731 771 306 65 92 147 516 612 735 346 66 414 429 303 496 95 511 735 273 748 151 640 337 472 389 117 496 257 758 750 676 228 617 0 301 281 475 60 964 197 326 961 114 280 934 557 943 971 654 179 624 497 184 848 648 987 302 889 578 691 172 402 92 619 704 12 412 132 709 566 486 
58 20 131 854 318 882 450 200 670 470 75 586 81 540 647 30 70 739 598 390 643 194 434 598 275 323 136 190 212 621 876 263 109 831 915 682 456 614 672 920 914 17 24 667 91 301 0 289 824 705 530 998 450 477 794 264 177 421 647 81 442 783 363 772 398 796 193 810 227 185 605 433 387 337 781 586 517 783 746 996 5 934 732 
555 110 549 634 116 389 565 779 84 740 11 856 764 745 333 372 734 172 965 379 48 137 497 59 350 39 88 499 285 50 168 236 263 261 734 809 851 955 166 104 443 589 925 258 744 281 289 0 426 424 239 634 394 344 173 672 925 251 752 616 107 545 469 184 525 859 846 471 842 193 10 524 101 577 969 410 521 267 511 402 855 691 902 
185 204 695 396 25 783 417 303 490 260 346 620 542 171 807 321 618 156 730 344 234 822 211 607 579 804 706 409 63 124 92 128 29 198 166 374 81 966 158 560 189 986 98 679 368 475 824 426 0 133 585 650 786 823 527 485 989 955 611 211 122 990 917 850 170 993 235 439 482 275 716 456 834 410 397 646 501 241 655 480 478 726 890 
914 83 463 725 626 156 434 268 479 33 610 971 141 577 394 763 644 701 152 97 403 633 484 481 372 428 822 124 132 88 580 236 3 144 662 808 441 51 247 680 458 565 1 805 153 60 705 424 133 0 731 311 741 965 904 181 196 230 504 171 71 145 373 896 239 828 580 907 181 48 611 545 942 484 822 170 962 277 408 932 615 188 362 
146 876 573 277 310 905 513 52 789 527 597 919 296 618 599 207 871 399 307 889 907 645 175 465 818 116 509 396 288 900 401 715 595 66 359 993 279 276 262 656 867 270 403 265 113 964 530 239 585 731 0 507 583 896 163 470 417 239 174 235 897 448 990 715 44 665 213 143 907 291 391 718 470 971 114 991 296 246 485 184 766 189 462 
843 751 54 369 447 600 152 124 226 323 847 589 234 227 186 709 174 301 789 232 242 761 533 371 847 412 585 878 936 249 883 709 407 299 778 144 875 933 971 366 470 247 602 506 846 197 998 634 650 311 507 0 831 19 552 805 450 965 240 610 138 957 141 657 273 5 619 74 752 632 219 35 423 722 376 482 638 989 167 109 103 911 427 
260 560 371 769 581 745 185 311 460 42 809 611 758 250 256 243 135 840 384 273 831 238 484 677 201 618 967 326 779 358 786 332 177 118 113 116 204 687 865 192 585 675 490 758 148 326 450 394 786 741 583 831 0 87 447 238 746 265 168 451 166 842 904 755 618 717 167 490 390 43 997 51 183 674 185 692 543 527 987 803 724 71 515 
522 417 942 59 37 649 835 3 220 128 110 481 965 294 93 546 459 767 804 463 759 498 538 573 365 767 117 166 550 593 44 326 114 495 78 632 401 275 268 552 512 193 458 132 30 961 477 344 823 965 896 19 87 0 548 269 435 219 942 867 868 125 751 274 540 762 810 350 907 948 627 507 137 846 376 110 326 981 639 646 488 119 515 
565 272 233 214 178 513 217 558 919 275 904 928 291 680 117 867 293 203 977 274 680 398 996 531 131 782 542 591 183 747 665 937 161 111 51 650 409 769 122 992 421 219 504 294 460 114 794 173 527 904 163 552 447 548 0 677 550 198 942 907 845 718 350 884 830 274 8 153 17 146 658 889 351 121 315 326 514 969 332 509 904 240 89 
979 165 561 971 154 939 605 618 818 174 818 337 298 202 652 115 12 898 630 684 701 143 935 185 823 771 530 352 496 296 771 710 116 579 356 38 162 649 684 52 147 595 766 357 780 280 264 672 485 181 470 805 238 269 677 0 186 249 319 917 866 119 882 120 361 797 214 196 343 256 21 630 717 224 689 848 863 566 143 214 34 476 738 
885 810 237 278 423 874 355 660 239 615 897 921 109 895 680 761 928 731 318 877 297 724 703 513 450 361 623 46 299 644 263 39 309 854 835 100 725 538 681 271 39 257 591 152 841 934 177 925 989 196 417 450 746 435 550 186 0 162 466 209 847 833 992 331 71 819 207 739 252 878 481 910 683 731 369 144 227 291 211 753 230 948 978 
61 560 488 726 162 189 411 413 678 417 920 228 838 677 322 304 190 895 505 714 925 183 216 276 34 197 123 737 299 218 568 506 568 173 81 569 24 904 485 276 804 457 277 962 755 557 421 251 955 230 239 965 265 219 198 249 162 0 459 425 753 642 462 232 624 642 933 136 927 222 898 68 44 697 761 943 776 944 945 802 719 663 381 
766 424 823 266 377 294 766 377 442 961 970 272 961 887 935 215 702 959 634 354 640 974 48 127 493 391 576 478 373 627 845 788 779 24 246 616 530 956 367 763 338 997 750 431 45 943 647 752 611 504 174 240 168 942 942 319 466 459 0 203 930 206 839 811 539 18 329 331 124 992 54 228 990 281 660 898 694 362 753 200 431 409 931 
664 982 738 431 943 308 855 763 679 383 971 291 773 180 801 179 322 41 724 465 934 243 244 943 136 579 557 780 111 365 743 421 807 444 337 179 425 648 31 185 800 171 692 479 815 971 81 616 211 171 235 610 451 867 907 917 209 425 203 0 548 141 255 804 953 441 507 746 717 752 601 355 676 219 846 863 176 286 753 972 211 49 201 
527 542 969 572 24 244 887 648 199 467 465 760 153 993 226 351 337 198 996 966 516 551 211 971 676 658 180 333 970 836 946 290 12 146 426 922 458 128 707 899 517 531 319 413 57 654 442 107 122 71 897 138 166 868 845 866 847 753 930 548 0 861 375 720 226 340 565 837 495 380 608 64 747 528 221 695 759 907 988 228 625 815 272 
421 418 899 189 874 713 266 736 888 221 212 235 609 574 509 858 221 592 800 518 816 174 207 869 175 160 818 777 926 966 397 415 593 736 666 96 364 193 564 126 568 629 546 799 429 179 783 545 990 145 448 957 842 125 718 119 833 642 206 141 861 0 600 403 140 232 965 423 79 367 107 800 903 263 861 955 744 462 133 184 634 621 402 
709 457 191 633 536 524 916 167 154 338 848 718 615 294 434 281 113 283 903 261 600 243 405 407 839 522 468 65 363 972 546 434 787 650 325 471 612 901 848 888 594 73 829 675 374 624 363 469 917 373 990 141 904 751 350 882 992 462 839 255 375 600 0 582 300 392 793 856 424 686 94 833 376 250 312 708 630 720 649 327 377 583 983 
35 573 923 878 81 737 600 922 654 231 284 270 283 294 521 407 447 962 399 939 921 315 731 926 2 382 519 508 947 467 541 215 859 154 460 243 741 917 660 825 40 601 764 993 177 497 772 184 850 896 715 657 755 274 884 120 331 232 811 804 720 403 582 0 55 39 710 233 20 690 392 204 785 607 35 778 750 442 957 563 814 747 939 
299 177 454 721 59 22 599 214 642 321 709 877 160 180 950 85 172 873 848 641 754 305 661 800 419 235 554 174 538 18 879 476 414 183 452 585 659 495 948 462 440 779 77 500 119 184 398 525 170 239 44 273 618 540 830 361 71 624 539 953 226 140 300 55 0 351 110 831 465 999 858 193 818 595 620 11 452 14 520 416 319 223 219 
88 642 357 646 949 901 874 987 461 545 232 284 147 804 792 15 744 128 507 464 274 705 980 555 579 3 721 251 534 89 162 349 734 306 773 80 837 568 23 116 497 649 403 982 421 848 796 859 993 828 665 5 717 762 274 797 819 642 18 441 340 232 392 39 351 0 545 62 953 684 605 255 581 68 420 111 348 225 217 324 268 668 619 
167 64 703 241 293 602 762 371 360 115 859 77 949 940 354 119 43 806 974 161 98 610 156 428 331 187 302 121 365 951 755 779 154 237 236 579 141 685 430 631 317 520 816 193 801 648 193 846 235 580 213 619 167 810 8 214 207 933 329 507 565 965 793 710 110 545 0 973 321 28 81 654 825 281 264 270 50 326 68 145 481 677 316 
375 339 940 418 230 13 669 941 271 378 542 581 820 137 483 915 443 996 855 844 767 304 322 367 54 360 16 817 250 747 950 535 151 878 446 903 387 415 996 61 614 872 22 880 993 987 810 471 439 907 143 74 490 350 153 196 739 136 331 746 837 423 856 233 831 62 973 0 379 298 345 324 635 965 183 836 749 8 260 65 874 376 48 
460 73 569 324 978 811 175 454 1000 793 227 809 369 232 854 523 823 79 837 888 319 40 798 634 667 349 360 956 925 129 966 144 803 236 196 479 656 921 723 961 880 831 152 775 251 302 227 842 482 181 907 752 390 907 17 343 252 927 124 717 495 79 424 20 465 953 321 379 0 815 35 954 471 934 311 124 123 561 36 459 185 922 695 
322 555 733 225 113 848 90 744 263 787 44 823 814 38 145 239 54 106 996 763 565 429 613 607 15 520 799 756 907 146 19 467 623 166 914 376 546 658 261 867 395 874 477 357 497 889 185 193 275 48 291 632 43 948 146 256 878 222 992 752 380 367 686 690 999 684 28 298 815 0 922 851 649 457 173 310 850 484 849 567 436 473 918 
20 318 936 178 425 122 477 114 718 652 490 175 350 904 90 99 379 228 177 231 831 54 240 813 727 715 101 627 833 446 175 466 807 610 811 487 726 290 795 904 529 959 566 141 164 578 605 10 716 611 391 219 997 627 658 21 481 898 54 601 608 107 94 392 858 605 81 345 35 922 0 670 412 72 476 117 138 113 589 519 785 825 46 
770 657 527 469 816 445 161 296 166 271 773 60 932 529 89 574 614 792 955 373 543 459 187 437 341 682 873 399 708 784 888 565 856 532 530 31 539 913 662 199 341 12 75 263 188 691 433 524 456 545 718 35 51 507 889 630 910 68 228 355 64 800 833 204 193 255 654 324 954 851 670 0 782 467 449 123 383 797 931 727 522 832 608 
640 962 981 151 312 651 37 808 903 118 872 23 376 82 794 882 899 573 93 953 245 533 617 362 770 247 36 779 438 689 608 795 533 570 987 344 780 343 7 452 188 139 977 342 461 172 387 101 834 942 470 423 183 137 351 717 683 44 990 676 747 903 376 785 818 581 825 635 471 649 412 782 0 526 200 662 65 920 524 106 584 968 781 
980 800 52 902 773 985 424 252 465 828 260 387 588 839 836 671 391 605 774 777 980 673 543 410 485 731 514 730 683 573 765 953 229 773 274 327 133 278 148 978 23 917 630 662 431 402 337 577 410 484 971 722 674 846 121 224 731 697 281 219 528 263 250 607 595 68 281 965 934 457 72 467 526 0 272 856 631 73 946 874 933 582 56 
836 87 184 719 475 165 363 616 893 633 240 406 439 223 702 960 66 209 137 708 602 115 870 906 69 827 265 291 269 587 536 605 294 415 448 872 240 151 112 34 769 927 622 1000 737 92 781 969 397 822 114 376 185 376 315 689 369 761 660 846 221 861 312 35 620 420 264 183 311 173 476 449 200 272 0 183 909 726 688 916 441 789 399 
204 923 781 100 812 800 146 883 518 447 412 28 153 511 934 969 138 708 943 600 704 719 312 715 990 844 273 87 189 722 423 553 981 911 827 585 692 207 293 301 377 839 559 289 913 619 586 410 646 170 991 482 692 110 326 848 144 943 898 863 695 955 708 778 11 111 270 836 124 310 117 123 662 856 183 0 268 345 801 795 352 323 713 
224 846 96 756 21 898 46 443 297 321 274 642 699 962 986 272 292 204 213 390 794 411 396 930 674 548 157 46 916 609 972 958 659 756 734 634 894 583 652 128 233 237 111 403 164 704 517 521 501 962 296 638 543 326 514 863 227 776 694 176 759 744 630 750 452 348 50 749 123 850 138 383 65 631 909 268 0 627 593 628 184 871 90 
114 252 660 253 936 425 495 553 796 325 58 896 67 298 910 495 967 936 453 963 528 968 650 638 100 194 818 141 316 690 143 603 686 723 833 278 605 499 128 616 958 357 297 965 302 12 783 267 241 277 246 989 527 981 969 566 291 944 362 286 907 462 720 442 14 225 326 8 561 484 113 797 920 73 726 345 627 0 564 499 547 619 171 
281 810 498 502 267 701 832 819 300 696 894 666 43 753 981 553 662 329 750 51 695 199 665 599 508 405 719 402 989 464 757 651 358 141 905 557 934 244 198 666 861 638 109 232 663 412 746 511 655 408 485 167 987 639 332 143 211 945 753 753 988 133 649 957 520 217 68 260 36 849 589 931 524 946 688 801 593 564 0 441 238 187 708 
805 357 317 92 37 720 982 810 977 630 619 152 517 100 586 786 15 562 277 472 671 667 587 11 509 407 435 332 234 254 14 913 380 758 216 910 907 984 767 395 274 720 563 598 396 132 996 402 480 932 184 109 803 646 509 214 753 802 200 972 228 184 327 563 416 324 145 65 459 567 519 727 106 874 916 795 628 499 441 0 146 560 328 
555 710 507 726 422 473 279 655 22 442 121 664 809 397 101 41 854 364 102 970 819 99 329 857 414 633 540 787 642 335 387 108 945 721 31 963 68 876 760 837 663 180 51 535 842 709 5 855 478 615 766 103 724 488 904 34 230 719 431 211 625 634 377 814 319 268 481 874 185 436 785 522 584 933 441 352 184 547 238 146 0 797 247 
691 9 901 385 42 142 847 648 141 237 35 445 846 934 595 863 22 305 363 95 939 749 364 52 193 408 133 748 817 306 716 579 51 475 297 471 902 262 974 324 606 388 979 787 971 566 934 691 726 188 189 911 71 119 240 476 948 663 409 49 815 621 583 747 223 668 677 376 922 473 825 832 968 582 789 323 871 619 187 560 797 0 71 
168 605 256 648 8 184 158 127 504 267 971 714 997 350 191 430 45 612 471 509 863 804 842 250 310 659 9 585 756 870 63 115 187 926 175 417 188 813 24 736 402 379 361 305 286 486 732 902 890 362 462 427 515 515 89 738 978 381 931 201 272 402 983 939 219 619 316 48 695 918 46 608 781 56 399 713 90 171 708 328 247 71 0 
1 0 1 0 0 1 0 0 1 1 1 1 1 1 0 1 1 1 0 1 0 0 1 0 0 1 0 1 0 0 0 0 0 1 0 0 1 0 1 0 1 1 0 0 1 0 1 1 1 0 1 1 1 0 1 0 0 1 1 0 0 0 0 0 1 1 0 0 0 0 1 0 0 0 1 0 0 0 0 0 1 0 0 