91
0 736 781 570 350 712 540 527 728 479 356 521 380 715 220 294 696 515 90 818 198 505 910 569 814 887 234 855 503 252 772 716 660 298 389 107 969 790 357 351 635 387 910 113 150 181 404 354 35 74 610 22 209 335 961 449 928 962 782 698 450 696 808 340 852 804 534 394 676 989 199 416 318 33 437 978 342 34 915 7 127 353 480 733 535 616 629 219 505 396 345 
736 0 716 761 422 585 318 42 434 988 670 541 37 583 681 452 162 541 515 827 7 289 310 137 540 512 388 225 960 847 911 571 693 317 252 33 796 804 528 494 884 103 65 87 927 355 748 913 538 905 514 430 596 892 462 928 337 98 310 778 244 872 195 355 372 170 41 817 948 994 988 173 364 807 599 292 921 687 857 783 936 291 157 928 67 915 801 70 963 204 716 
781 716 0 149 610 293 381 288 969 454 211 618 775 512 857 752 600 608 184 586 542 81 890 345 150 537 14 52 447 380 807 835 152 376 711 743 465 24 423 6 34 797 277 893 939 543 435 603 836 590 621 851 582 367 370 85 988 561 47 487 532 136 99 197 154 741 293 420 484 310 913 347 132 907 146 53 867 99 162 802 827 418 602 425 97 702 459 694 274 358 608 
570 761 149 0 869 883 860 438 835 734 999 350 493 607 722 83 352 847 567 116 461 753 22 620 130 848 333 710 96 409 571 961 63 848 3 440 789 825 56 725 129 175 432 659 729 37 159 809 267 776 641 875 435 555 982 529 69 688 154 419 107 107 789 321 291 566 646 678 790 450 59 3 166 272 898 890 346 247 850 605 538 531 68 503 243 998 475 752 805 652 280 
350 422 610 869 0 92 154 43 498 622 674 298 519 844 368 615 30 454 730 337 834 601 17 971 350 625 816 742 868 469 110 572 828 292 227 558 687 985 386 336 167 591 717 931 927 855 973 943 959 400 314 200 255 244 866 211 544 665 956 54 138 633 210 533 193 292 928 744 928 243 404 372 595 594 124 366 259 16 8 823 663 306 112 203 755 158 473 236 644 163 14 
712 585 293 883 92 0 125 53 246 674 902 553 36 202 60 135 902 263 800 909 637 804 523 977 23 828 409 788 776 19 206 504 575 869 578 191 194 250 632 866 950 584 466 718 949 48 874 20 889 473 537 562 367 868 334 625 963 743 621 808 555 636 583 253 616 538 36 52 477 128 266 910 776 976 778 326 597 168 69 870 20 993 764 337 73 632 749 822 313 14 143 
540 318 381 860 154 125 0 26 528 266 225 327 295 420 674 425 370 313 734 592 147 837 156 842 684 966 42 552 4 240 927 346 684 614 732 268 941 857 428 571 722 915 539 634 515 904 823 835 871 677 758 402 878 110 684 562 58 550 708 511 440 79 741 26 767 533 263 739 106 441 692 402 304 292 446 657 70 834 77 134 621 290 77 905 171 690 211 607 706 731 496 
527 42 288 438 43 53 26 0 770 815 831 182 145 535 316 340 90 457 885 917 306 581 811 383 458 643 509 298 503 899 429 444 744 621 425 352 929 756 23 351 929 511 272 496 798 835 88 972 254 34 266 851 896 2 586 303 677 810 678 613 451 627 573 629 642 214 115 488 305 476 642 735 168 797 627 192 408 161 181 187 243 268 611 8 617 155 437 676 531 37 545 
728 434 969 835 498 246 528 770 0 415 817 365 404 417 399 325 516 766 344 275 511 624 243 835 576 45 726 643 127 29 144 979 901 667 738 769 885 484 818 680 766 360 764 315 807 609 893 722 334 98 479 703 251 509 491 676 253 95 832 54 664 556 126 381 69 872 359 714 155 229 911 986 452 374 788 321 870 20 81 560 230 161 973 449 189 398 825 262 244 651 134 
479 988 454 734 622 674 266 815 415 0 807 732 841 435 74 3 434 406 2 176 926 764 92 164 645 708 866 885 483 997 388 818 398 919 347 356 816 735 427 588 283 367 955 473 975 393 52 543 930 636 782 578 105 906 27 920 629 676 73 345 845 754 144 665 18 235 365 483 800 292 894 779 829 595 193 234 63 403 699 482 700 631 348 695 814 447 710 188 45 169 707 
356 670 211 999 674 902 225 831 817 807 0 949 970 542 157 289 996 668 618 7 905 145 276 761 393 211 856 563 225 944 789 567 852 803 132 566 614 73 949 890 881 993 173 598 736 632 146 166 72 795 357 67 202 517 79 933 345 933 918 214 599 574 487 497 259 392 706 932 585 50 446 402 388 282 517 395 37 368 223 719 751 19 976 504 275 215 698 148 317 811 996 
521 541 618 350 298 553 327 182 365 732 949 0 140 337 930 349 925 560 465 785 234 319 220 791 552 83 499 425 647 784 178 887 330 305 571 10 865 228 619 420 710 212 220 347 502 606 726 320 458 158 918 223 621 925 5 464 622 749 433 224 865 903 564 30 330 772 512 132 397 676 691 420 378 194 866 869 661 590 753 738 653 224 475 15 943 30 404 839 347 436 204 
380 37 775 493 519 36 295 145 404 841 970 140 0 883 762 333 107 935 4 952 730 158 53 753 969 766 363 695 780 98 180 488 883 329 23 693 689 296 753 772 995 177 914 457 258 9 253 34 468 274 592 416 940 45 486 107 568 416 329 412 324 214 830 515 65 212 33 266 939 343 306 809 934 632 965 393 370 851 460 976 383 110 285 496 688 888 55 901 185 218 395 
715 583 512 607 844 202 420 535 417 435 542 337 883 0 309 186 36 580 901 324 896 101 409 434 573 562 312 953 248 594 89 643 299 703 148 669 898 228 292 346 925 821 816 92 912 129 613 384 23 605 892 766 280 600 356 210 542 184 968 366 959 347 656 508 882 510 555 219 481 520 670 114 533 547 46 139 127 557 819 261 277 281 750 574 653 853 103 133 950 537 981 
220 681 857 722 368 60 674 316 399 74 157 930 762 309 0 62 590 225 471 723 772 608 215 6 96 210 259 20 231 701 302 756 384 156 686 493 537 191 752 8 697 138 415 894 635 690 69 508 856 682 177 377 780 930 163 79 368 304 457 923 679 453 811 951 94 855 239 79 187 116 190 409 482 686 820 15 576 415 466 753 365 625 682 885 359 612 450 568 313 759 425 
294 452 752 83 615 135 425 340 325 3 289 349 333 186 62 0 506 675 676 315 307 558 37 770 350 248 44 374 193 471 681 614 845 894 187 922 419 613 412 159 989 600 990 143 677 340 485 91 282 161 947 71 990 968 539 834 963 384 165 627 856 515 261 857 560 849 184 703 710 988 858 47 763 236 607 323 693 244 346 148 594 216 546 853 740 408 651 254 903 897 871 
696 162 600 352 30 902 370 90 516 434 996 925 107 36 590 506 0 289 971 858 514 374 166 842 287 590 405 768 227 52 605 643 208 87 978 215 160 55 610 63 455 950 877 851 114 118 485 732 759 716 191 134 486 758 497 414 80 879 864 121 240 145 243 834 739 550 971 832 694 37 327 64 360 166 299 161 125 780 351 474 627 278 245 366 171 366 214 250 851 383 24 
515 541 608 847 454 263 313 457 766 406 668 560 935 580 225 675 289 0 108 67 561 735 465 352 839 193 64 674 83 572 721 651 822 482 93 332 857 470 349 479 361 941 969 520 321 806 171 591 430 400 678 336 802 463 831 400 99 241 272 775 950 998 678 420 753 480 292 837 235 141 222 519 370 165 750 436 511 592 142 993 864 84 672 123 636 140 869 441 491 789 206 
90 515 184 567 730 800 734 885 344 2 618 465 4 901 471 676 971 108 0 625 158 86 720 461 310 925 295 196 64 990 600 156 720 882 904 774 591 717 266 454 44 749 821 961 96 806 155 234 189 591 8 809 995 147 770 273 362 28 527 416 761 972 630 3 845 133 18 343 980 155 790 74 844 643 747 835 480 830 908 743 386 478 210 860 514 319 894 58 290 576 307 
818 827 586 116 337 909 592 917 275 176 7 785 952 324 723 315 858 67 625 0 959 5 369 101 872 196 40 70 905 863 708 97 657 655 594 963 182 353 909 986 134 287 360 735 268 532 567 298 721 992 937 841 739 746 792 442 784 235 800 428 176 193 7 716 708 384 8 872 893 545 67 887 777 116 225 896 475 633 687 329 869 884 56 230 124 194 180 720 958 445 691 
198 7 542 461 834 637 147 306 511 926 905 234 730 896 772 307 514 561 158 959 0 849 823 685 509 312 436 452 868 768 313 151 658 752 244 111 137 397 875 167 301 473 813 894 454 460 934 830 799 646 819 320 68 484 469 822 502 693 755 796 736 835 239 533 361 359 312 525 242 332 817 250 858 359 567 467 233 414 444 396 246 572 994 372 363 873 688 851 101 807 280 
505 289 81 753 601 804 837 581 624 764 145 319 158 101 608 558 374 735 86 5 849 0 870 752 149 920 318 188 131 958 628 762 187 601 761 639 755 848 565 73 860 380 903 442 486 313 128 88 945 7 786 246 743 329 642 635 674 61 397 474 128 366 706 995 839 482 347 749 570 77 663 230 460 922 625 640 22 811 132 831 23 908 408 711 730 925 596 681 268 819 929 
910 310 890 22 17 523 156 811 243 92 276 220 53 409 215 37 166 465 720 369 823 870 0 885 52 919 57 322 552 667 420 124 853 377 754 539 766 703 104 419 452 724 942 261 817 824 259 93 139 792 733 764 677 802 338 415 247 207 1000 197 985 317 158 526 796 575 346 415 219 810 146 687 689 491 132 122 431 143 651 820 479 359 567 336 539 74 313 385 695 21 865 
569 137 345 620 971 977 842 383 835 164 761 791 753 434 6 770 842 352 461 101 685 752 885 0 156 184 546 504 548 728 200 462 848 153 782 824 678 286 756 291 239 358 204 659 147 403 757 130 429 382 151 808 445 20 355 1 812 590 419 167 607 122 484 640 408 791 612 474 958 437 365 25 512 480 301 126 158 702 819 968 650 625 2 46 573 488 407 770 855 29 958 
814 540 150 130 350 23 684 458 576 645 393 552 969 573 96 350 287 839 310 872 509 149 52 156 0 621 953 590 365 936 244 248 746 701 417 978 366 955 922 73 681 659 763 308 84 145 188 578 49 511 75 2 577 552 53 723 135 106 659 884 481 919 81 527 81 374 277 383 13 718 528 801 543 630 703 295 792 238 806 439 167 955 586 109 471 740 255 280 876 629 631 
887 512 537 848 625 828 966 643 45 708 211 83 766 562 210 248 590 193 925 196 312 920 919 184 621 0 898 174 676 223 525 971 626 85 769 760 965 464 720 40 178 545 876 888 340 849 301 685 397 67 995 893 744 385 703 61 960 599 666 489 807 552 27 219 859 718 893 267 365 945 276 277 208 685 406 16 61 237 144 385 119 809 487 856 992 447 383 521 637 123 363 
234 388 14 333 816 409 42 509 726 866 856 499 363 312 259 44 405 64 295 40 436 318 57 546 953 898 0 175 430 529 711 86 738 380 152 395 601 264 305 313 388 347 379 529 526 469 841 502 669 430 53 571 923 522 101 44 962 593 304 684 178 193 143 280 195 603 584 208 372 791 36 162 156 584 432 478 375 624 154 722 863 877 801 455 994 769 30 366 3 223 944 
855 225 52 710 742 788 552 298 643 885 563 425 695 953 20 374 768 674 196 70 452 188 322 504 590 174 175 0 169 198 159 781 968 427 249 867 975 394 974 86 787 710 275 341 621 764 356 736 188 780 425 480 129 679 427 734 180 594 58 881 490 156 622 974 766 896 507 321 167 395 341 464 107 19 129 22 416 366 900 130 493 765 677 480 414 464 810 167 131 335 971 
503 960 447 96 868 776 4 503 127 483 225 647 780 248 231 193 227 83 64 905 868 131 552 548 365 676 430 169 0 852 206 230 356 960 746 332 892 905 458 122 496 569 994 815 683 533 25 367 68 773 684 431 564 831 336 855 314 673 816 591 663 734 582 115 712 871 431 727 251 220 725 338 122 192 273 595 300 72 315 470 249 987 263 653 345 202 124 370 409 988 788 
252 847 380 409 469 19 240 899 29 997 944 784 98 594 701 471 52 572 990 863 768 958 667 728 936 223 529 198 852 0 493 661 546 585 23 617 725 798 343 757 508 48 818 981 512 720 623 174 978 855 895 412 990 182 574 607 907 211 545 647 237 550 936 323 447 885 679 580 434 277 703 910 649 712 356 911 101 67 929 326 730 915 375 103 888 848 602 265 897 230 930 
772 911 807 571 110 206 927 429 144 388 789 178 180 89 302 681 605 721 600 708 313 628 420 200 244 525 711 159 206 493 0 655 937 559 583 833 737 855 327 686 800 751 599 541 166 203 761 830 920 998 306 605 948 471 160 446 677 121 412 564 764 21 92 140 995 227 862 205 855 573 723 598 515 557 88 806 223 211 856 733 322 149 316 687 393 202 17 144 245 313 942 
716 571 835 961 572 504 346 444 979 818 567 887 488 643 756 614 643 651 156 97 151 762 124 462 248 971 86 781 230 661 655 0 74 742 625 611 886 709 916 966 280 383 818 140 558 162 484 491 193 622 629 481 694 51 112 284 78 967 488 225 477 370 191 397 696 705 287 87 757 767 944 853 727 43 72 369 386 214 774 397 514 808 552 491 866 239 429 302 112 710 413 
660 693 152 63 828 575 684 744 901 398 852 330 883 299 384 845 208 822 720 657 658 187 853 848 746 626 738 968 356 546 937 74 0 581 305 721 974 247 658 167 453 131 692 248 580 248 44 697 522 713 479 36 124 658 911 866 280 758 476 411 597 228 950 805 766 399 64 858 334 230 515 283 775 374 711 621 48 642 556 346 56 993 813 881 681 394 855 521 316 168 834 
298 317 376 848 292 869 614 621 667 919 803 305 329 703 156 894 87 482 882 655 752 601 377 153 701 85 380 427 960 585 559 742 581 0 483 65 685 581 576 36 506 769 230 396 347 152 849 107 458 911 748 524 289 417 136 267 544 943 897 49 990 144 139 364 624 326 758 236 60 823 487 418 245 13 179 739 865 780 303 505 45 467 878 136 212 608 349 451 218 1 118 
389 252 711 3 227 578 732 425 738 347 132 571 23 148 686 187 978 93 904 594 244 761 754 782 417 769 152 249 746 23 583 625 305 483 0 281 95 904 728 334 42 416 935 466 508 322 141 808 477 967 935 394 318 942 719 230 810 633 654 968 197 941 411 604 381 696 471 887 626 590 934 337 357 646 98 65 949 553 283 807 575 382 621 847 503 504 817 746 444 739 106 
107 33 743 440 558 191 268 352 769 356 566 10 693 669 493 922 215 332 774 963 111 639 539 824 978 760 395 867 332 617 833 611 721 65 281 0 54 797 51 887 430 918 318 774 828 763 984 45 688 518 637 727 293 69 817 800 717 430 584 249 35 486 663 955 718 654 195 659 384 330 407 483 332 225 733 734 517 955 196 989 904 490 87 689 366 318 244 718 545 449 479 
969 796 465 789 687 194 941 929 885 816 614 865 689 898 537 419 160 857 591 182 137 755 766 678 366 965 601 975 892 725 737 886 974 685 95 54 0 722 349 597 945 131 15 163 490 126 899 880 302 45 419 217 386 950 822 914 667 337 707 252 773 242 453 913 793 203 999 553 552 835 633 430 202 984 711 709 188 709 495 297 858 561 501 324 299 911 65 619 162 298 22 
790 804 24 825 985 250 857 756 484 735 73 228 296 228 191 613 55 470 717 353 397 848 703 286 955 464 264 394 905 798 855 709 247 581 904 797 722 0 800 550 36 675 836 251 563 494 179 862 271 184 848 616 796 82 45 933 5 18 195 27 158 92 490 74 997 19 312 777 723 974 148 351 111 107 836 231 245 143 282 52 606 753 976 694 487 606 941 449 998 271 956 
357 528 423 56 386 632 428 23 818 427 949 619 753 292 752 412 610 349 266 909 875 565 104 756 922 720 305 974 458 343 327 916 658 576 728 51 349 800 0 586 105 410 176 889 479 911 505 935 102 896 320 188 897 776 425 178 840 766 328 338 305 544 208 276 618 965 182 534 64 7 725 144 811 375 360 502 516 421 972 388 567 320 361 148 216 663 884 361 76 884 303 
351 494 6 725 336 866 571 351 680 588 890 420 772 346 8 159 63 479 454 986 167 73 419 291 73 40 313 86 122 757 686 966 167 36 334 887 597 550 586 0 518 724 212 202 526 392 44 569 68 969 935 415 133 825 610 532 248 161 681 755 214 891 983 329 400 278 702 256 879 822 724 706 965 112 868 881 937 650 932 918 6 871 714 703 819 838 442 701 41 356 280 
635 884 34 129 167 950 722 929 766 283 881 710 995 925 697 989 455 361 44 134 301 860 452 239 681 178 388 787 496 508 800 280 453 506 42 430 945 36 105 518 0 159 822 486 825 298 189 688 780 352 661 91 212 553 632 605 75 434 331 877 920 61 383 318 958 33 291 681 900 390 371 935 255 757 947 406 989 358 839 438 738 749 460 32 980 374 50 231 848 317 859 
387 103 797 175 591 584 915 511 360 367 993 212 177 821 138 600 950 941 749 287 473 380 724 358 659 545 347 710 569 48 751 383 131 769 416 918 131 675 410 724 159 0 196 502 845 312 247 233 613 469 326 717 638 310 620 99 386 653 346 820 614 751 910 368 788 861 939 362 218 328 909 657 250 998 371 377 134 984 988 61 419 102 883 330 999 504 25 759 151 332 640 
910 65 277 432 717 466 539 272 764 955 173 220 914 816 415 990 877 969 821 360 813 903 942 204 763 876 379 275 994 818 599 818 692 230 935 318 15 836 176 212 822 196 0 869 186 406 881 418 576 274 242 396 646 152 449 423 220 553 808 445 806 667 261 914 189 763 607 877 544 180 656 632 419 704 263 888 213 361 514 586 986 940 517 822 735 787 551 523 477 660 553 
113 87 893 659 931 718 634 496 315 473 598 347 457 92 894 143 851 520 961 735 894 442 261 659 308 888 529 341 815 981 541 140 248 396 466 774 163 251 889 202 486 502 869 0 809 756 709 175 217 430 857 891 200 858 142 907 572 826 818 832 831 845 252 365 526 657 927 475 85 81 76 805 784 541 780 292 777 893 535 231 351 413 616 269 845 43 771 66 882 273 49 
150 927 939 729 927 949 515 798 807 975 736 502 258 912 635 677 114 321 96 268 454 486 817 147 84 340 526 621 683 512 166 558 580 347 508 828 490 563 479 526 825 845 186 809 0 604 857 251 794 381 843 993 129 972 330 791 442 693 489 192 705 352 859 144 648 322 648 175 99 415 60 716 29 308 321 924 102 475 329 614 779 898 96 163 271 2 409 491 882 587 372 
181 355 543 37 855 48 904 835 609 393 632 606 9 129 690 340 118 806 806 532 460 313 824 403 145 849 469 764 533 720 203 162 248 152 322 763 126 494 911 392 298 312 406 756 604 0 482 551 701 768 450 629 728 392 519 195 145 796 10 453 700 101 211 9 984 811 133 78 643 798 104 906 702 873 322 976 749 620 723 767 946 420 768 138 123 824 13 620 415 709 572 
404 748 435 159 973 874 823 88 893 52 146 726 253 613 69 485 485 171 155 567 934 128 259 757 188 301 841 356 25 623 761 484 44 849 141 984 899 179 505 44 189 247 881 709 857 482 0 160 201 885 832 133 310 70 23 638 735 414 515 413 347 980 939 877 332 876 496 126 338 936 70 913 570 134 990 918 321 156 568 846 660 792 749 160 271 79 515 488 682 361 865 
354 913 603 809 943 20 835 972 722 543 166 320 34 384 508 91 732 591 234 298 830 88 93 130 578 685 502 736 367 174 830 491 697 107 808 45 880 862 935 569 688 233 418 175 251 551 160 0 2 355 688 514 321 381 233 646 732 764 637 344 769 523 467 551 461 101 197 676 782 814 391 191 109 327 11 854 731 383 11 385 707 282 660 735 619 830 238 284 16 757 50 
35 538 836 267 959 889 871 254 334 930 72 458 468 23 856 282 759 430 189 721 799 945 139 429 49 397 669 188 68 978 920 193 522 458 477 688 302 271 102 68 780 613 576 217 794 701 201 2 0 594 601 827 923 561 451 131 598 91 820 294 708 652 324 579 243 301 551 130 690 73 394 827 262 804 660 503 891 788 737 485 903 840 380 717 550 649 916 932 825 526 389 
74 905 590 776 400 473 677 34 98 636 795 158 274 605 682 161 716 400 591 992 646 7 792 382 511 67 430 780 773 855 998 622 713 911 967 518 45 184 896 969 352 469 274 430 381 768 885 355 594 0 621 218 891 478 768 356 135 208 601 674 692 757 829 563 441 914 117 647 800 982 762 128 116 157 818 355 213 712 161 48 205 495 205 853 933 574 276 134 648 43 868 
610 514 621 641 314 537 758 266 479 782 357 918 592 892 177 947 191 678 8 937 819 786 733 151 75 995 53 425 684 895 306 629 479 748 935 637 419 848 320 935 661 326 242 857 843 450 832 688 601 621 0 195 772 314 267 334 879 427 278 412 227 166 38 861 474 60 148 294 415 525 619 141 871 725 348 994 70 940 125 563 148 472 393 436 608 417 261 49 868 822 483 
22 430 851 875 200 562 402 851 703 578 67 223 416 766 377 71 134 336 809 841 320 246 764 808 2 893 571 480 431 412 605 481 36 524 394 727 217 616 188 415 91 717 396 891 993 629 133 514 827 218 195 0 545 244 34 406 440 979 295 113 278 181 867 246 681 781 242 243 478 859 233 977 833 960 990 29 535 260 241 72 889 675 302 119 859 290 656 600 406 713 147 
209 596 582 435 255 367 878 896 251 105 202 621 940 280 780 990 486 802 995 739 68 743 677 445 577 744 923 129 564 990 948 694 124 289 318 293 386 796 897 133 212 638 646 200 129 728 310 321 923 891 772 545 0 511 170 206 80 122 946 710 788 971 595 120 441 138 336 423 172 18 581 554 792 100 733 79 648 465 621 70 433 994 503 775 979 531 788 949 334 470 921 
335 892 367 555 244 868 110 2 509 906 517 925 45 600 930 968 758 463 147 746 484 329 802 20 552 385 522 679 831 182 471 51 658 417 942 69 950 82 776 825 553 310 152 858 972 392 70 381 561 478 314 244 511 0 945 681 508 88 942 876 550 670 893 670 994 619 82 904 889 165 378 219 689 549 554 93 601 679 277 231 751 901 632 625 651 290 292 820 716 151 678 
961 462 370 982 866 334 684 586 491 27 79 5 486 356 163 539 497 831 770 792 469 642 338 355 53 703 101 427 336 574 160 112 911 136 719 817 822 45 425 610 632 620 449 142 330 519 23 233 451 768 267 34 170 945 0 180 798 633 740 212 981 644 201 237 119 474 384 952 851 816 979 691 78 86 347 422 141 232 248 779 168 443 71 681 350 434 948 324 109 228 351 
449 928 85 529 211 625 562 303 676 920 933 464 107 210 79 834 414 400 273 442 822 635 415 1 723 61 44 734 855 607 446 284 866 267 230 800 914 933 178 532 605 99 423 907 791 195 638 646 131 356 334 406 206 681 180 0 608 395 606 33 282 615 651 426 361 901 47 846 611 720 76 131 149 61 457 551 450 665 472 117 318 57 39 636 605 347 660 129 742 41 408 
928 337 988 69 544 963 58 677 253 629 345 622 568 542 368 963 80 99 362 784 502 674 247 812 135 960 962 180 314 907 677 78 280 544 810 717 667 5 840 248 75 386 220 572 442 145 735 732 598 135 879 440 80 508 798 608 0 469 356 340 387 346 540 679 321 923 567 464 208 788 88 262 206 63 120 925 172 782 363 372 520 892 651 21 337 491 580 114 906 161 605 
962 98 561 688 665 743 550 810 95 676 933 749 416 184 304 384 879 241 28 235 693 61 207 590 106 599 593 594 673 211 121 967 758 943 633 430 337 18 766 161 434 653 553 826 693 796 414 764 91 208 427 979 122 88 633 395 469 0 399 82 504 160 918 169 243 598 886 240 494 992 886 61 71 98 874 42 933 26 721 887 132 416 277 871 870 164 203 909 529 3 36 
782 310 47 154 956 621 708 678 832 73 918 433 329 968 457 165 864 272 527 800 755 397 1000 419 659 666 304 58 816 545 412 488 476 897 654 584 707 195 328 681 331 346 808 818 489 10 515 637 820 601 278 295 946 942 740 606 356 399 0 834 775 470 238 575 105 72 204 136 441 692 465 558 628 523 577 283 953 97 422 599 38 181 903 78 717 614 283 178 760 352 637 
698 778 487 419 54 808 511 613 54 345 214 224 412 366 923 627 121 775 416 428 796 474 197 167 884 489 684 881 591 647 564 225 411 49 968 249 252 27 338 755 877 820 445 832 192 453 413 344 294 674 412 113 710 876 212 33 340 82 834 0 446 549 298 153 979 73 688 276 64 835 98 921 185 551 361 240 800 740 940 682 573 557 559 327 974 495 129 724 429 803 283 
450 244 532 107 138 555 440 451 664 845 599 865 324 959 679 856 240 950 761 176 736 128 985 607 481 807 178 490 663 237 764 477 597 990 197 35 773 158 305 214 920 614 806 831 705 700 347 769 708 692 227 278 788 550 981 282 387 504 775 446 0 729 426 733 50 66 270 977 468 602 391 898 197 567 383 425 406 208 200 708 502 601 174 901 487 620 782 685 985 284 330 
696 872 136 107 633 636 79 627 556 754 574 903 214 347 453 515 145 998 972 193 835 366 317 122 919 552 193 156 734 550 21 370 228 144 941 486 242 92 544 891 61 751 667 845 352 101 980 523 652 757 166 181 971 670 644 615 346 160 470 549 729 0 376 254 978 981 749 709 270 793 913 767 320 691 870 55 109 549 599 280 971 795 786 305 168 225 549 233 490 925 782 
808 195 99 789 210 583 741 573 126 144 487 564 830 656 811 261 243 678 630 7 239 706 158 484 81 27 143 622 582 936 92 191 950 139 411 663 453 490 208 983 383 910 261 252 859 211 939 467 324 829 38 867 595 893 201 651 540 918 238 298 426 376 0 538 112 503 961 551 191 26 532 837 950 345 241 265 211 740 3 817 640 29 188 435 154 599 420 450 261 998 246 
340 355 197 321 533 253 26 629 381 665 497 30 515 508 951 857 834 420 3 716 533 995 526 640 527 219 280 974 115 323 140 397 805 364 604 955 913 74 276 329 318 368 914 365 144 9 877 551 579 563 861 246 120 670 237 426 679 169 575 153 733 254 538 0 391 289 30 299 220 748 523 806 289 318 174 538 575 181 177 589 972 696 516 567 704 645 126 74 148 527 329 
852 372 154 291 193 616 767 642 69 18 259 330 65 882 94 560 739 753 845 708 361 839 796 408 81 859 195 766 712 447 995 696 766 624 381 718 793 997 618 400 958 788 189 526 648 984 332 461 243 441 474 681 441 994 119 361 321 243 105 979 50 978 112 391 0 570 616 653 220 999 886 7 929 763 542 123 916 924 411 446 746 734 640 928 992 849 224 837 202 847 16 
804 170 741 566 292 538 533 214 872 235 392 772 212 510 855 849 550 480 133 384 359 482 575 791 374 718 603 896 871 885 227 705 399 326 696 654 203 19 965 278 33 861 763 657 322 811 876 101 301 914 60 781 138 619 474 901 923 598 72 73 66 981 503 289 570 0 1 92 901 527 998 404 714 60 2 73 86 968 276 654 716 95 558 164 95 687 805 762 604 328 49 
534 41 293 646 928 36 263 115 359 365 706 512 33 555 239 184 971 292 18 8 312 347 346 612 277 893 584 507 431 679 862 287 64 758 471 195 999 312 182 702 291 939 607 927 648 133 496 197 551 117 148 242 336 82 384 47 567 886 204 688 270 749 961 30 616 1 0 947 179 687 334 182 144 131 973 137 83 507 618 949 842 618 862 188 47 217 369 443 718 544 764 
394 817 420 678 744 52 739 488 714 483 932 132 266 219 79 703 832 837 343 872 525 749 415 474 383 267 208 321 727 580 205 87 858 236 887 659 553 777 534 256 681 362 877 475 175 78 126 676 130 647 294 243 423 904 952 846 464 240 136 276 977 709 551 299 653 92 947 0 701 863 717 765 949 149 515 290 650 3 355 531 45 774 507 220 420 796 850 577 790 463 703 
676 948 484 790 928 477 106 305 155 800 585 397 939 481 187 710 694 235 980 893 242 570 219 958 13 365 372 167 251 434 855 757 334 60 626 384 552 723 64 879 900 218 544 85 99 643 338 782 690 800 415 478 172 889 851 611 208 494 441 64 468 270 191 220 220 901 179 701 0 674 652 688 540 198 734 341 636 844 914 539 928 836 733 883 652 288 166 10 549 411 582 
989 994 310 450 243 128 441 476 229 292 50 676 343 520 116 988 37 141 155 545 332 77 810 437 718 945 791 395 220 277 573 767 230 823 590 330 835 974 7 822 390 328 180 81 415 798 936 814 73 982 525 859 18 165 816 720 788 992 692 835 602 793 26 748 999 527 687 863 674 0 70 678 789 54 985 148 206 457 600 306 772 5 81 174 317 172 176 195 292 143 199 
199 988 913 59 404 266 692 642 911 894 446 691 306 670 190 858 327 222 790 67 817 663 146 365 528 276 36 341 725 703 723 944 515 487 934 407 633 148 725 724 371 909 656 76 60 104 70 391 394 762 619 233 581 378 979 76 88 886 465 98 391 913 532 523 886 998 334 717 652 70 0 575 671 247 839 770 572 11 155 919 599 788 377 255 117 107 358 821 975 182 792 
416 173 347 3 372 910 402 735 986 779 402 420 809 114 409 47 64 519 74 887 250 230 687 25 801 277 162 464 338 910 598 853 283 418 337 483 430 351 144 706 935 657 632 805 716 906 913 191 827 128 141 977 554 219 691 131 262 61 558 921 898 767 837 806 7 404 182 765 688 678 575 0 998 378 239 564 681 920 602 828 121 990 682 685 741 60 324 562 479 561 152 
318 364 132 166 595 776 304 168 452 829 388 378 934 533 482 763 360 370 844 777 858 460 689 512 543 208 156 107 122 649 515 727 775 245 357 332 202 111 811 965 255 250 419 784 29 702 570 109 262 116 871 833 792 689 78 149 206 71 628 185 197 320 950 289 929 714 144 949 540 789 671 998 0 659 443 357 860 60 931 35 599 389 115 498 901 94 926 608 800 742 955 
33 807 907 272 594 976 292 797 374 595 282 194 632 547 686 236 166 165 643 116 359 922 491 480 630 685 584 19 192 712 557 43 374 13 646 225 984 107 375 112 757 998 704 541 308 873 134 327 804 157 725 960 100 549 86 61 63 98 523 551 567 691 345 318 763 60 131 149 198 54 247 378 659 0 842 73 919 395 213 776 603 337 936 502 116 964 564 13 8 427 593 
437 599 146 898 124 778 446 627 788 193 517 866 965 46 820 607 299 750 747 225 567 625 132 301 703 406 432 129 273 356 88 72 711 179 98 733 711 836 360 868 947 371 263 780 321 322 990 11 660 818 348 990 733 554 347 457 120 874 577 361 383 870 241 174 542 2 973 515 734 985 839 239 443 842 0 199 498 474 761 502 319 106 527 254 75 816 465 587 481 214 558 
978 292 53 890 366 326 657 192 321 234 395 869 393 139 15 323 161 436 835 896 467 640 122 126 295 16 478 22 595 911 806 369 621 739 65 734 709 231 502 881 406 377 888 292 924 976 918 854 503 355 994 29 79 93 422 551 925 42 283 240 425 55 265 538 123 73 137 290 341 148 770 564 357 73 199 0 837 84 74 626 626 327 105 372 21 78 991 780 469 953 505 
342 921 867 346 259 597 70 408 870 63 37 661 370 127 576 693 125 511 480 475 233 22 431 158 792 61 375 416 300 101 223 386 48 865 949 517 188 245 516 937 989 134 213 777 102 749 321 731 891 213 70 535 648 601 141 450 172 933 953 800 406 109 211 575 916 86 83 650 636 206 572 681 860 919 498 837 0 851 410 85 731 906 743 153 697 956 583 822 972 845 951 
34 687 99 247 16 168 834 161 20 403 368 590 851 557 415 244 780 592 830 633 414 811 143 702 238 237 624 366 72 67 211 214 642 780 553 955 709 143 421 650 358 984 361 893 475 620 156 383 788 712 940 260 465 679 232 665 782 26 97 740 208 549 740 181 924 968 507 3 844 457 11 920 60 395 474 84 851 0 918 8 185 351 976 296 285 384 996 610 583 826 541 
915 857 162 850 8 69 77 181 81 699 223 753 460 819 466 346 351 142 908 687 444 132 651 819 806 144 154 900 315 929 856 774 556 303 283 196 495 282 972 932 839 988 514 535 329 723 568 11 737 161 125 241 621 277 248 472 363 721 422 940 200 599 3 177 411 276 618 355 914 600 155 602 931 213 761 74 410 918 0 903 302 849 513 640 317 298 230 627 471 201 663 
7 783 802 605 823 870 134 187 560 482 719 738 976 261 753 148 474 993 743 329 396 831 820 968 439 385 722 130 470 326 733 397 346 505 807 989 297 52 388 918 438 61 586 231 614 767 846 385 485 48 563 72 70 231 779 117 372 887 599 682 708 280 817 589 446 654 949 531 539 306 919 828 35 776 502 626 85 8 903 0 622 818 932 936 276 535 697 453 212 480 273 
127 936 827 538 663 20 621 243 230 700 751 653 383 277 365 594 627 864 386 869 246 23 479 650 167 119 863 493 249 730 322 514 56 45 575 904 858 606 567 6 738 419 986 351 779 946 660 707 903 205 148 889 433 751 168 318 520 132 38 573 502 971 640 972 746 716 842 45 928 772 599 121 599 603 319 626 731 185 302 622 0 262 274 635 156 513 250 922 563 116 621 
353 291 418 531 306 993 290 268 161 631 19 224 110 281 625 216 278 84 478 884 572 908 359 625 955 809 877 765 987 915 149 808 993 467 382 490 561 753 320 871 749 102 940 413 898 420 792 282 840 495 472 675 994 901 443 57 892 416 181 557 601 795 29 696 734 95 618 774 836 5 788 990 389 337 106 327 906 351 849 818 262 0 110 933 970 121 820 874 360 166 847 
480 157 602 68 112 764 77 611 973 348 976 475 285 750 682 546 245 672 210 56 994 408 567 2 586 487 801 677 263 375 316 552 813 878 621 87 501 976 361 714 460 883 517 616 96 768 749 660 380 205 393 302 503 632 71 39 651 277 903 559 174 786 188 516 640 558 862 507 733 81 377 682 115 936 527 105 743 976 513 932 274 110 0 708 386 439 289 51 534 189 210 
733 928 425 503 203 337 905 8 449 695 504 15 496 574 885 853 366 123 860 230 372 711 336 46 109 856 455 480 653 103 687 491 881 136 847 689 324 694 148 703 32 330 822 269 163 138 160 735 717 853 436 119 775 625 681 636 21 871 78 327 901 305 435 567 928 164 188 220 883 174 255 685 498 502 254 372 153 296 640 936 635 933 708 0 85 751 32 838 464 627 300 
535 67 97 243 755 73 171 617 189 814 275 943 688 653 359 740 171 636 514 124 363 730 539 573 471 992 994 414 345 888 393 866 681 212 503 366 299 487 216 819 980 999 735 845 271 123 271 619 550 933 608 859 979 651 350 605 337 870 717 974 487 168 154 704 992 95 47 420 652 317 117 741 901 116 75 21 697 285 317 276 156 970 386 85 0 514 1 548 247 884 582 
616 915 702 998 158 632 690 155 398 447 215 30 888 853 612 408 366 140 319 194 873 925 74 488 740 447 769 464 202 848 202 239 394 608 504 318 911 606 663 838 374 504 787 43 2 824 79 830 649 574 417 290 531 290 434 347 491 164 614 495 620 225 599 645 849 687 217 796 288 172 107 60 94 964 816 78 956 384 298 535 513 121 439 751 514 0 926 644 75 958 873 
629 801 459 475 473 749 211 437 825 710 698 404 55 103 450 651 214 869 894 180 688 596 313 407 255 383 30 810 124 602 17 429 855 349 817 244 65 941 884 442 50 25 551 771 409 13 515 238 916 276 261 656 788 292 948 660 580 203 283 129 782 549 420 126 224 805 369 850 166 176 358 324 926 564 465 991 583 996 230 697 250 820 289 32 1 926 0 568 826 352 916 
219 70 694 752 236 822 607 676 262 188 148 839 901 133 568 254 250 441 58 720 851 681 385 770 280 521 366 167 370 265 144 302 521 451 746 718 619 449 361 701 231 759 523 66 491 620 488 284 932 134 49 600 949 820 324 129 114 909 178 724 685 233 450 74 837 762 443 577 10 195 821 562 608 13 587 780 822 610 627 453 922 874 51 838 548 644 568 0 428 817 51 
505 963 274 805 644 313 706 531 244 45 317 347 185 950 313 903 851 491 290 958 101 268 695 855 876 637 3 131 409 897 245 112 316 218 444 545 162 998 76 41 848 151 477 882 882 415 682 16 825 648 868 406 334 716 109 742 906 529 760 429 985 490 261 148 202 604 718 790 549 292 975 479 800 8 481 469 972 583 471 212 563 360 534 464 247 75 826 428 0 624 536 
396 204 358 652 163 14 731 37 651 169 811 436 218 537 759 897 383 789 576 445 807 819 21 29 629 123 223 335 988 230 313 710 168 1 739 449 298 271 884 356 317 332 660 273 587 709 361 757 526 43 822 713 470 151 228 41 161 3 352 803 284 925 998 527 847 328 544 463 411 143 182 561 742 427 214 953 845 826 201 480 116 166 189 627 884 958 352 817 624 0 683 
345 716 608 280 14 143 496 545 134 707 996 204 395 981 425 871 24 206 307 691 280 929 865 958 631 363 944 971 788 930 942 413 834 118 106 479 22 956 303 280 859 640 553 49 372 572 865 50 389 868 483 147 921 678 351 408 605 36 637 283 330 782 246 329 16 49 764 703 582 199 792 152 955 593 558 505 951 541 663 273 621 847 210 300 582 873 916 51 536 683 0 
0 0 0 1 1 0 0 1 0 1 0 1 0 1 0 0 0 0 0 0 1 0 1 0 0 0 0 1 0 0 0 0 1 0 0 0 0 0 0 1 1 1 0 0 0 0 0 0 1 0 1 0 1 0 0 1 0 0 0 1 0 1 0 0 0 0 0 1 1 1 0 0 0 0 1 0 0 0 0 0 0 0 0 0 1 1 0 1 0 1 1 