32
0 707 940 292 340 69 619 464 330 864 854 96 540 960 474 507 149 890 115 473 824 673 16 676 153 897 135 719 909 996 193 754 
707 0 392 868 490 26 315 288 616 874 996 756 420 977 812 731 829 920 163 398 393 343 438 403 659 239 697 235 726 201 73 154 
940 392 0 614 653 118 857 269 365 578 302 354 804 335 345 154 118 496 138 219 791 872 436 605 274 316 247 818 136 671 499 816 
292 868 614 0 536 299 634 690 52 441 319 878 179 867 672 13 28 584 701 783 36 553 855 389 723 676 877 484 803 517 367 682 
340 490 653 536 0 181 509 735 15 654 619 463 926 345 704 852 681 170 60 664 289 896 874 348 302 575 584 759 102 400 364 545 
69 26 118 299 181 0 526 294 238 628 953 762 538 443 201 815 702 869 842 2 643 6 810 866 175 243 391 339 226 263 971 909 
619 315 857 634 509 526 0 828 931 135 583 116 218 996 940 817 599 850 849 971 578 515 605 859 284 971 576 383 287 160 624 371 
464 288 269 690 735 294 828 0 81 48 862 549 876 314 540 169 654 280 110 505 627 923 763 736 553 107 986 917 547 366 940 44 
330 616 365 52 15 238 931 81 0 343 865 693 442 151 394 630 947 550 499 552 647 70 123 297 128 415 346 900 491 456 102 611 
864 874 578 441 654 628 135 48 343 0 612 463 974 300 371 207 428 63 849 884 91 61 725 10 939 895 345 727 504 71 211 182 
854 996 302 319 619 953 583 862 865 612 0 454 337 868 903 157 948 428 341 93 161 208 8 217 492 221 874 640 547 507 949 229 
96 756 354 878 463 762 116 549 693 463 454 0 463 532 226 988 262 145 392 336 662 823 1 630 146 193 12 553 327 58 873 222 
540 420 804 179 926 538 218 876 442 974 337 463 0 918 424 569 116 843 246 312 207 291 892 783 878 763 550 116 501 399 69 27 
960 977 335 867 345 443 996 314 151 300 868 532 918 0 783 144 958 769 237 538 547 838 390 189 515 596 580 216 302 232 468 211 
474 812 345 672 704 201 940 540 394 371 903 226 424 783 0 114 740 599 523 518 832 651 901 858 951 201 805 978 819 150 914 980 
507 731 154 13 852 815 817 169 630 207 157 988 569 144 114 0 182 130 655 15 680 537 764 323 5 26 216 24 782 586 34 384 
149 829 118 28 681 702 599 654 947 428 948 262 116 958 740 182 0 832 554 799 540 748 176 897 926 953 580 804 876 656 257 950 
890 920 496 584 170 869 850 280 550 63 428 145 843 769 599 130 832 0 144 390 427 967 322 40 882 361 397 551 182 909 914 711 
115 163 138 701 60 842 849 110 499 849 341 392 246 237 523 655 554 144 0 298 327 508 712 71 3 755 385 98 847 614 299 892 
473 398 219 783 664 2 971 505 552 884 93 336 312 538 518 15 799 390 298 0 550 906 132 440 804 594 993 513 272 835 624 328 
824 393 791 36 289 643 578 627 647 91 161 662 207 547 832 680 540 427 327 550 0 364 43 636 437 111 436 212 947 682 824 958 
673 343 872 553 896 6 515 923 70 61 208 823 291 838 651 537 748 967 508 906 364 0 420 347 599 800 77 926 173 118 159 26 
16 438 436 855 874 810 605 763 123 725 8 1 892 390 901 764 176 322 712 132 43 420 0 352 540 551 610 366 47 39 697 560 
676 403 605 389 348 866 859 736 297 10 217 630 783 189 858 323 897 40 71 440 636 347 352 0 340 791 239 957 615 945 469 194 
153 659 274 723 302 175 284 553 128 939 492 146 878 515 951 5 926 882 3 804 437 599 540 340 0 183 393 271 566 603 133 372 
897 239 316 676 575 243 971 107 415 895 221 193 763 596 201 26 953 361 755 594 111 800 551 791 183 0 149 252 789 388 245 492 
135 697 247 877 584 391 576 986 346 345 874 12 550 580 805 216 580 397 385 993 436 77 610 239 393 149 0 168 40 638 879 957 
719 235 818 484 759 339 383 917 900 727 640 553 116 216 978 24 804 551 98 513 212 926 366 957 271 252 168 0 76 389 61 920 
909 726 136 803 102 226 287 547 491 504 547 327 501 302 819 782 876 182 847 272 947 173 47 615 566 789 40 76 0 696 145 301 
996 201 671 517 400 263 160 366 456 71 507 58 399 232 150 586 656 909 614 835 682 118 39 945 603 388 638 389 696 0 205 527 
193 73 499 367 364 971 624 940 102 211 949 873 69 468 914 34 257 914 299 624 824 159 697 469 133 245 879 61 145 205 0 225 
754 154 816 682 545 909 371 44 611 182 229 222 27 211 980 384 950 711 892 328 958 26 560 194 372 492 957 920 301 527 225 0 
1 0 0 1 1 0 1 1 0 0 1 0 0 0 1 1 0 1 1 1 0 0 0 0 0 0 1 1 0 1 1 1 