69
0 901 476 572 564 441 456 59 923 818 17 149 319 61 229 551 813 817 737 284 223 533 359 108 468 150 247 776 11 233 225 147 618 707 153 462 923 620 440 329 531 610 52 208 652 992 634 457 488 635 597 212 863 60 294 682 836 426 618 618 266 321 669 29 588 540 306 442 254 
901 0 258 736 227 599 291 463 819 105 341 231 856 295 418 811 548 748 849 739 809 969 553 368 962 87 498 848 59 637 514 880 104 887 886 369 746 460 400 321 216 231 750 610 574 727 506 454 547 529 31 725 518 395 47 451 459 97 757 110 846 203 696 583 866 294 737 877 454 
476 258 0 338 928 965 964 223 66 377 511 667 193 368 291 997 441 799 419 534 878 88 87 562 297 818 84 117 105 890 976 87 746 314 500 347 323 998 955 918 336 153 648 390 724 159 693 85 616 24 698 695 468 766 151 386 518 351 540 597 715 42 511 20 553 252 610 491 482 
572 736 338 0 289 408 789 814 573 41 561 300 202 491 866 796 978 121 78 691 235 286 115 24 103 62 254 452 42 372 984 499 776 88 666 758 973 871 954 956 291 829 235 74 635 255 554 926 753 30 773 877 514 454 937 622 485 574 88 194 664 293 16 631 487 815 658 956 450 
564 227 928 289 0 222 170 419 973 223 859 150 361 379 504 652 960 347 762 807 886 946 676 322 921 81 492 776 444 833 288 695 502 253 144 333 385 665 832 66 305 518 269 589 51 88 209 324 723 571 918 715 899 379 803 337 853 663 247 981 684 380 117 145 454 439 691 601 710 
441 599 965 408 222 0 732 980 961 983 84 693 402 140 433 307 996 683 780 1 291 368 701 423 85 739 480 525 549 453 150 958 134 492 991 756 925 623 284 292 372 725 368 748 554 829 296 572 423 996 629 666 674 372 186 288 184 50 770 891 171 585 188 408 520 279 102 688 923 
456 291 964 789 170 732 0 586 509 87 770 259 899 444 964 85 384 923 65 333 352 457 459 257 437 785 456 274 848 298 492 679 366 205 864 995 546 727 663 328 926 326 830 331 280 180 502 640 233 416 84 883 762 808 693 635 386 945 929 917 109 91 111 101 385 225 431 335 675 
59 463 223 814 419 980 586 0 2 672 842 378 607 428 704 195 745 995 992 210 249 346 347 247 44 877 382 291 440 830 496 24 5 578 980 773 488 187 510 416 534 925 389 39 173 646 155 404 320 219 404 505 762 420 945 777 380 963 640 740 579 591 547 144 165 398 214 888 152 
923 819 66 573 973 961 509 2 0 803 246 277 233 853 493 411 906 767 476 748 477 906 906 141 434 578 411 897 924 359 819 648 317 849 621 97 90 28 464 913 517 652 785 343 901 338 945 322 327 277 476 143 177 738 293 966 884 794 995 732 671 924 591 259 244 440 284 590 684 
818 105 377 41 223 983 87 672 803 0 879 159 863 24 811 886 278 231 718 803 931 600 866 978 585 772 354 125 657 873 746 462 984 510 972 895 144 594 407 117 406 247 314 490 578 253 59 821 324 805 781 387 723 528 428 823 147 6 344 727 720 303 817 93 934 219 267 938 203 
17 341 511 561 859 84 770 842 246 879 0 242 994 719 409 467 650 418 728 926 880 379 299 97 770 286 512 555 57 867 982 12 250 192 488 216 89 686 441 466 30 189 664 702 648 703 539 422 157 666 810 905 458 865 603 471 381 354 441 767 55 979 319 314 569 378 121 794 352 
149 231 667 300 150 693 259 378 277 159 242 0 552 941 811 932 384 83 128 20 697 815 582 58 725 150 193 683 100 210 181 762 709 978 888 922 47 465 829 752 906 611 359 94 519 450 705 100 525 344 317 965 345 335 808 529 851 901 933 148 418 675 374 516 735 923 286 365 973 
319 856 193 202 361 402 899 607 233 863 994 552 0 808 860 200 165 775 376 511 932 561 487 110 881 660 705 538 309 273 349 699 64 45 410 147 671 131 85 697 84 401 965 291 674 812 104 270 310 258 450 498 649 445 389 996 983 571 370 1 263 884 849 652 152 392 47 679 227 
61 295 368 491 379 140 444 428 853 24 719 941 808 0 287 240 814 671 867 575 813 84 18 648 270 261 535 324 657 46 851 533 241 631 945 28 817 898 497 338 421 668 580 412 445 968 432 658 828 677 104 402 245 153 47 970 462 702 908 886 289 12 108 932 783 889 979 38 652 
229 418 291 866 504 433 964 704 493 811 409 811 860 287 0 922 523 240 997 929 76 208 851 292 432 45 154 551 223 376 105 844 598 937 63 85 507 160 401 954 120 489 15 87 198 399 375 57 450 368 320 19 174 283 4 114 733 1 658 3 662 65 115 139 448 808 239 627 290 
551 811 997 796 652 307 85 195 411 886 467 932 200 240 922 0 315 703 794 371 998 779 820 454 750 59 42 843 926 286 789 995 625 714 863 356 14 662 14 188 680 199 33 451 232 113 310 44 656 607 969 923 142 373 950 930 372 979 630 346 508 743 853 492 360 496 483 904 465 
813 548 441 978 960 996 384 745 906 278 650 384 165 814 523 315 0 940 826 896 71 483 538 541 250 759 881 383 634 228 432 417 498 547 604 133 185 616 590 681 100 491 591 441 758 568 437 555 623 718 950 210 728 299 681 728 291 204 855 751 835 386 652 70 530 505 173 902 752 
817 748 799 121 347 683 923 995 767 231 418 83 775 671 240 703 940 0 650 707 649 78 286 151 451 227 848 700 66 651 676 161 881 785 179 505 102 178 431 510 418 990 602 612 679 596 903 317 401 273 967 783 127 208 834 444 956 317 962 764 772 598 948 499 988 12 861 68 830 
737 849 419 78 762 780 65 992 476 718 728 128 376 867 997 794 826 650 0 121 372 891 483 969 101 814 618 942 852 958 124 591 656 634 73 646 796 148 219 718 235 638 588 408 120 272 939 824 285 444 158 724 914 810 873 782 811 271 839 706 913 286 893 190 6 90 520 942 785 
284 739 534 691 807 1 333 210 748 803 926 20 511 575 929 371 896 707 121 0 706 331 262 696 844 4 914 231 51 470 273 592 724 409 978 899 841 344 580 363 517 874 915 104 757 858 194 514 1 581 33 369 327 212 919 80 421 90 838 775 674 644 54 131 13 985 269 119 326 
223 809 878 235 886 291 352 249 477 931 880 697 932 813 76 998 71 649 372 706 0 478 656 93 596 831 490 892 90 496 367 877 229 448 248 67 985 610 803 821 924 495 796 696 245 854 502 449 431 366 370 320 373 688 442 37 72 396 238 201 272 614 115 994 652 389 307 353 421 
533 969 88 286 946 368 457 346 906 600 379 815 561 84 208 779 483 78 891 331 478 0 98 165 58 424 444 292 393 132 819 591 298 115 109 446 203 855 213 510 935 22 835 861 406 554 345 482 971 166 750 320 652 140 83 399 635 505 741 720 718 970 588 939 636 217 852 53 420 
359 553 87 115 676 701 459 347 906 866 299 582 487 18 851 820 538 286 483 262 656 98 0 410 121 576 232 41 992 949 335 455 152 156 115 680 958 788 344 413 794 40 96 270 768 369 977 660 537 802 619 906 307 136 576 443 307 492 75 237 286 983 270 757 826 463 934 120 516 
108 368 562 24 322 423 257 247 141 978 97 58 110 648 292 454 541 151 969 696 93 165 410 0 603 761 279 292 762 689 335 486 413 928 368 371 77 610 364 268 33 231 123 496 254 313 236 719 335 945 508 485 372 144 428 4 46 189 538 466 380 366 833 434 920 781 524 122 303 
468 962 297 103 921 85 437 44 434 585 770 725 881 270 432 750 250 451 101 844 596 58 121 603 0 173 791 605 471 897 385 240 999 500 177 866 268 549 24 575 490 659 559 83 790 866 760 31 851 782 413 726 848 202 826 151 657 76 401 267 569 40 931 918 1 891 717 885 935 
150 87 818 62 81 739 785 877 578 772 286 150 660 261 45 59 759 227 814 4 831 424 576 761 173 0 722 885 871 67 600 487 490 899 984 278 532 270 295 238 60 46 307 237 147 959 292 426 280 834 76 228 740 678 446 29 508 380 559 934 477 991 289 200 42 826 689 192 340 
247 498 84 254 492 480 456 382 411 354 512 193 705 535 154 42 881 848 618 914 490 444 232 279 791 722 0 875 965 988 707 253 668 985 127 669 992 110 749 166 379 507 742 587 828 798 47 537 606 285 822 793 252 702 631 416 77 367 658 44 557 858 517 98 308 564 435 888 556 
776 848 117 452 776 525 274 291 897 125 555 683 538 324 551 843 383 700 942 231 892 292 41 292 605 885 875 0 715 857 855 272 766 789 426 403 228 393 232 865 314 668 644 218 12 230 905 200 433 513 296 537 559 922 102 705 734 745 356 563 519 866 581 33 770 572 35 238 38 
11 59 105 42 444 549 848 440 924 657 57 100 309 657 223 926 634 66 852 51 90 393 992 762 471 871 965 715 0 13 179 788 663 100 356 119 165 889 918 63 788 761 288 76 318 926 676 788 520 59 455 798 815 114 416 893 47 614 393 106 462 955 986 282 241 534 379 89 211 
233 637 890 372 833 453 298 830 359 873 867 210 273 46 376 286 228 651 958 470 496 132 949 689 897 67 988 857 13 0 737 472 623 593 89 822 48 876 117 121 940 213 705 207 246 910 19 822 36 892 263 619 481 250 841 149 708 220 713 808 468 218 979 974 789 775 9 836 28 
225 514 976 984 288 150 492 496 819 746 982 181 349 851 105 789 432 676 124 273 367 819 335 335 385 600 707 855 179 737 0 491 657 630 998 370 342 276 97 130 76 650 599 366 696 974 543 667 876 56 877 41 710 374 797 266 901 221 427 28 863 413 297 937 287 286 252 813 955 
147 880 87 499 695 958 679 24 648 462 12 762 699 533 844 995 417 161 591 592 877 591 455 486 240 487 253 272 788 472 491 0 965 745 813 860 145 672 294 918 859 171 495 839 986 57 408 924 453 819 454 865 402 353 810 819 774 838 502 328 62 443 628 859 219 785 315 21 939 
618 104 746 776 502 134 366 5 317 984 250 709 64 241 598 625 498 881 656 724 229 298 152 413 999 490 668 766 663 623 657 965 0 299 269 763 817 951 30 89 106 965 292 83 58 484 895 311 96 337 347 875 281 335 991 678 823 767 171 694 621 17 8 289 56 476 647 893 529 
707 887 314 88 253 492 205 578 849 510 192 978 45 631 937 714 547 785 634 409 448 115 156 928 500 899 985 789 100 593 630 745 299 0 170 84 563 476 774 929 243 845 940 717 760 273 101 628 857 436 179 725 812 322 874 59 431 398 444 277 473 913 153 551 797 820 818 986 777 
153 886 500 666 144 991 864 980 621 972 488 888 410 945 63 863 604 179 73 978 248 109 115 368 177 984 127 426 356 89 998 813 269 170 0 47 110 821 788 110 544 65 807 292 322 410 418 884 461 538 784 206 865 178 368 415 269 525 459 314 232 871 792 652 590 580 822 659 51 
462 369 347 758 333 756 995 773 97 895 216 922 147 28 85 356 133 505 646 899 67 446 680 371 866 278 669 403 119 822 370 860 763 84 47 0 736 431 788 850 99 129 905 629 212 41 408 978 783 227 10 296 678 132 180 903 169 210 456 569 260 25 130 881 224 371 44 129 706 
923 746 323 973 385 925 546 488 90 144 89 47 671 817 507 14 185 102 796 841 985 203 958 77 268 532 992 228 165 48 342 145 817 563 110 736 0 211 458 620 994 477 253 605 323 34 932 226 326 351 162 173 974 677 840 957 644 770 924 973 137 470 499 793 793 673 822 328 30 
620 460 998 871 665 623 727 187 28 594 686 465 131 898 160 662 616 178 148 344 610 855 788 610 549 270 110 393 889 876 276 672 951 476 821 431 211 0 498 336 817 942 684 869 784 796 537 523 408 550 944 977 960 749 286 182 245 398 259 698 207 690 928 145 128 678 556 508 87 
440 400 955 954 832 284 663 510 464 407 441 829 85 497 401 14 590 431 219 580 803 213 344 364 24 295 749 232 918 117 97 294 30 774 788 788 458 498 0 273 988 281 607 150 660 674 657 447 514 386 428 354 374 665 569 949 569 636 785 896 874 144 985 867 30 593 392 786 424 
329 321 918 956 66 292 328 416 913 117 466 752 697 338 954 188 681 510 718 363 821 510 413 268 575 238 166 865 63 121 130 918 89 929 110 850 620 336 273 0 504 295 264 705 791 360 840 392 982 663 861 762 868 894 151 584 324 369 787 466 270 799 619 894 22 975 387 235 511 
531 216 336 291 305 372 926 534 517 406 30 906 84 421 120 680 100 418 235 517 924 935 794 33 490 60 379 314 788 940 76 859 106 243 544 99 994 817 988 504 0 794 537 263 104 299 100 4 7 648 250 945 497 200 388 902 456 118 872 97 943 181 741 243 794 711 62 673 480 
610 231 153 829 518 725 326 925 652 247 189 611 401 668 489 199 491 990 638 874 495 22 40 231 659 46 507 668 761 213 650 171 965 845 65 129 477 942 281 295 794 0 800 731 828 707 248 869 633 493 893 140 564 709 247 634 464 315 613 143 384 778 113 960 15 401 278 556 495 
52 750 648 235 269 368 830 389 785 314 664 359 965 580 15 33 591 602 588 915 796 835 96 123 559 307 742 644 288 705 599 495 292 940 807 905 253 684 607 264 537 800 0 559 148 737 644 59 34 148 925 128 369 235 675 745 330 13 395 316 136 263 170 919 205 6 487 601 596 
208 610 390 74 589 748 331 39 343 490 702 94 291 412 87 451 441 612 408 104 696 861 270 496 83 237 587 218 76 207 366 839 83 717 292 629 605 869 150 705 263 731 559 0 378 16 469 387 241 145 556 941 171 317 689 204 651 469 863 476 604 106 826 312 610 834 892 496 419 
652 574 724 635 51 554 280 173 901 578 648 519 674 445 198 232 758 679 120 757 245 406 768 254 790 147 828 12 318 246 696 986 58 760 322 212 323 784 660 791 104 828 148 378 0 365 187 230 624 319 836 987 601 358 809 688 71 445 416 123 906 283 692 792 18 229 141 589 460 
992 727 159 255 88 829 180 646 338 253 703 450 812 968 399 113 568 596 272 858 854 554 369 313 866 959 798 230 926 910 974 57 484 273 410 41 34 796 674 360 299 707 737 16 365 0 224 593 997 90 547 137 714 405 425 384 895 409 814 532 410 621 877 971 814 588 975 412 930 
634 506 693 554 209 296 502 155 945 59 539 705 104 432 375 310 437 903 939 194 502 345 977 236 760 292 47 905 676 19 543 408 895 101 418 408 932 537 657 840 100 248 644 469 187 224 0 503 209 778 231 796 805 333 435 803 902 792 993 877 526 394 378 537 808 167 361 538 735 
457 454 85 926 324 572 640 404 322 821 422 100 270 658 57 44 555 317 824 514 449 482 660 719 31 426 537 200 788 822 667 924 311 628 884 978 226 523 447 392 4 869 59 387 230 593 503 0 879 692 947 984 398 852 598 642 458 803 534 840 52 908 294 625 949 442 149 594 61 
488 547 616 753 723 423 233 320 327 324 157 525 310 828 450 656 623 401 285 1 431 971 537 335 851 280 606 433 520 36 876 453 96 857 461 783 326 408 514 982 7 633 34 241 624 997 209 879 0 364 659 95 647 278 146 49 585 741 955 673 208 362 601 673 423 342 172 681 105 
635 529 24 30 571 996 416 219 277 805 666 344 258 677 368 607 718 273 444 581 366 166 802 945 782 834 285 513 59 892 56 819 337 436 538 227 351 550 386 663 648 493 148 145 319 90 778 692 364 0 385 589 999 4 164 588 943 640 740 528 329 929 626 391 902 519 409 580 759 
597 31 698 773 918 629 84 404 476 781 810 317 450 104 320 969 950 967 158 33 370 750 619 508 413 76 822 296 455 263 877 454 347 179 784 10 162 944 428 861 250 893 925 556 836 547 231 947 659 385 0 75 102 368 48 991 653 123 513 269 274 649 657 550 521 274 589 520 292 
212 725 695 877 715 666 883 505 143 387 905 965 498 402 19 923 210 783 724 369 320 320 906 485 726 228 793 537 798 619 41 865 875 725 206 296 173 977 354 762 945 140 128 941 987 137 796 984 95 589 75 0 520 843 199 164 487 716 814 747 295 926 275 969 202 629 466 465 253 
863 518 468 514 899 674 762 762 177 723 458 345 649 245 174 142 728 127 914 327 373 652 307 372 848 740 252 559 815 481 710 402 281 812 865 678 974 960 374 868 497 564 369 171 601 714 805 398 647 999 102 520 0 107 839 501 566 651 51 96 633 461 625 261 210 589 874 538 698 
60 395 766 454 379 372 808 420 738 528 865 335 445 153 283 373 299 208 810 212 688 140 136 144 202 678 702 922 114 250 374 353 335 322 178 132 677 749 665 894 200 709 235 317 358 405 333 852 278 4 368 843 107 0 236 557 252 89 943 25 151 857 472 821 358 392 429 979 801 
294 47 151 937 803 186 693 945 293 428 603 808 389 47 4 950 681 834 873 919 442 83 576 428 826 446 631 102 416 841 797 810 991 874 368 180 840 286 569 151 388 247 675 689 809 425 435 598 146 164 48 199 839 236 0 848 926 506 545 502 814 773 707 991 313 808 858 32 57 
682 451 386 622 337 288 635 777 966 823 471 529 996 970 114 930 728 444 782 80 37 399 443 4 151 29 416 705 893 149 266 819 678 59 415 903 957 182 949 584 902 634 745 204 688 384 803 642 49 588 991 164 501 557 848 0 730 102 494 862 788 243 912 774 763 712 827 174 701 
836 459 518 485 853 184 386 380 884 147 381 851 983 462 733 372 291 956 811 421 72 635 307 46 657 508 77 734 47 708 901 774 823 431 269 169 644 245 569 324 456 464 330 651 71 895 902 458 585 943 653 487 566 252 926 730 0 182 542 6 224 38 160 407 886 127 16 305 330 
426 97 351 574 663 50 945 963 794 6 354 901 571 702 1 979 204 317 271 90 396 505 492 189 76 380 367 745 614 220 221 838 767 398 525 210 770 398 636 369 118 315 13 469 445 409 792 803 741 640 123 716 651 89 506 102 182 0 457 859 763 214 766 395 130 144 137 46 289 
618 757 540 88 247 770 929 640 995 344 441 933 370 908 658 630 855 962 839 838 238 741 75 538 401 559 658 356 393 713 427 502 171 444 459 456 924 259 785 787 872 613 395 863 416 814 993 534 955 740 513 814 51 943 545 494 542 457 0 105 83 49 552 118 759 224 996 103 245 
618 110 597 194 981 891 917 740 732 727 767 148 1 886 3 346 751 764 706 775 201 720 237 466 267 934 44 563 106 808 28 328 694 277 314 569 973 698 896 466 97 143 316 476 123 532 877 840 673 528 269 747 96 25 502 862 6 859 105 0 64 285 200 54 961 285 11 292 710 
266 846 715 664 684 171 109 579 671 720 55 418 263 289 662 508 835 772 913 674 272 718 286 380 569 477 557 519 462 468 863 62 621 473 232 260 137 207 874 270 943 384 136 604 906 410 526 52 208 329 274 295 633 151 814 788 224 763 83 64 0 8 509 152 638 685 600 644 964 
321 203 42 293 380 585 91 591 924 303 979 675 884 12 65 743 386 598 286 644 614 970 983 366 40 991 858 866 955 218 413 443 17 913 871 25 470 690 144 799 181 778 263 106 283 621 394 908 362 929 649 926 461 857 773 243 38 214 49 285 8 0 21 562 749 260 912 864 417 
669 696 511 16 117 188 111 547 591 817 319 374 849 108 115 853 652 948 893 54 115 588 270 833 931 289 517 581 986 979 297 628 8 153 792 130 499 928 985 619 741 113 170 826 692 877 378 294 601 626 657 275 625 472 707 912 160 766 552 200 509 21 0 109 200 71 74 331 227 
29 583 20 631 145 408 101 144 259 93 314 516 652 932 139 492 70 499 190 131 994 939 757 434 918 200 98 33 282 974 937 859 289 551 652 881 793 145 867 894 243 960 919 312 792 971 537 625 673 391 550 969 261 821 991 774 407 395 118 54 152 562 109 0 853 559 383 268 301 
588 866 553 487 454 520 385 165 244 934 569 735 152 783 448 360 530 988 6 13 652 636 826 920 1 42 308 770 241 789 287 219 56 797 590 224 793 128 30 22 794 15 205 610 18 814 808 949 423 902 521 202 210 358 313 763 886 130 759 961 638 749 200 853 0 682 787 117 58 
540 294 252 815 439 279 225 398 440 219 378 923 392 889 808 496 505 12 90 985 389 217 463 781 891 826 564 572 534 775 286 785 476 820 580 371 673 678 593 975 711 401 6 834 229 588 167 442 342 519 274 629 589 392 808 712 127 144 224 285 685 260 71 559 682 0 789 700 381 
306 737 610 658 691 102 431 214 284 267 121 286 47 979 239 483 173 861 520 269 307 852 934 524 717 689 435 35 379 9 252 315 647 818 822 44 822 556 392 387 62 278 487 892 141 975 361 149 172 409 589 466 874 429 858 827 16 137 996 11 600 912 74 383 787 789 0 987 51 
442 877 491 956 601 688 335 888 590 938 794 365 679 38 627 904 902 68 942 119 353 53 120 122 885 192 888 238 89 836 813 21 893 986 659 129 328 508 786 235 673 556 601 496 589 412 538 594 681 580 520 465 538 979 32 174 305 46 103 292 644 864 331 268 117 700 987 0 992 
254 454 482 450 710 923 675 152 684 203 352 973 227 652 290 465 752 830 785 326 421 420 516 303 935 340 556 38 211 28 955 939 529 777 51 706 30 87 424 511 480 495 596 419 460 930 735 61 105 759 292 253 698 801 57 701 330 289 245 710 964 417 227 301 58 381 51 992 0 
0 1 1 0 0 0 0 0 0 0 0 0 0 0 1 1 0 0 0 0 0 0 0 1 1 0 0 0 1 1 0 0 0 1 1 0 0 0 1 0 0 1 0 0 0 0 0 0 1 0 0 0 0 0 0 1 1 0 0 0 0 1 0 0 1 1 0 0 1 