99
0 84 180 46 212 141 58 102 435 10 362 470 770 406 192 3 992 499 564 354 984 550 780 771 409 726 688 315 479 384 298 916 931 381 518 945 564 201 960 216 949 940 80 598 170 461 112 657 712 249 556 989 843 776 177 190 111 417 773 605 810 213 176 302 522 30 244 932 100 913 799 395 703 672 776 491 728 15 44 976 770 754 643 687 946 898 422 669 219 666 312 472 551 732 715 31 22 233 744 
84 0 819 259 348 307 179 781 489 250 10 139 408 70 240 940 756 908 736 117 902 817 601 72 48 548 5 528 948 315 982 215 771 298 872 745 906 858 313 279 754 689 974 861 810 411 431 511 576 324 879 442 103 309 582 25 213 115 248 332 692 518 741 396 3 74 810 529 316 467 746 311 909 672 152 119 219 429 236 287 110 756 311 276 142 480 410 450 893 38 197 321 627 8 595 378 864 132 806 
180 819 0 847 633 789 627 6 471 168 266 902 459 627 44 588 834 958 683 236 989 558 89 732 894 730 802 618 243 607 536 489 871 421 484 202 241 119 311 508 39 539 994 966 185 649 946 251 803 576 94 209 943 407 824 275 103 998 965 111 856 278 255 573 117 783 924 361 853 395 355 977 287 534 964 833 878 278 738 626 649 146 102 343 629 535 23 495 484 38 544 455 613 127 151 988 272 949 657 
46 259 847 0 356 510 193 518 589 968 296 758 789 849 439 919 581 582 94 712 55 3 89 298 827 80 436 345 69 488 398 323 610 587 540 667 487 578 731 765 534 915 356 913 888 235 198 689 499 391 738 388 26 347 857 463 720 10 170 132 138 283 477 574 829 888 69 393 317 756 867 261 21 35 638 917 947 3 760 954 277 442 285 43 205 272 267 538 638 475 608 620 615 628 891 411 551 581 940 
212 348 633 356 0 726 677 68 100 375 271 318 454 212 551 946 472 322 330 680 834 46 802 716 389 742 61 749 509 476 214 982 305 44 198 651 446 9 663 868 570 682 523 829 508 192 48 688 821 103 587 628 374 215 297 947 933 500 486 189 22 323 420 631 527 383 708 658 772 40 635 835 56 955 31 712 896 206 555 679 436 311 494 387 785 827 434 559 248 440 425 227 687 736 479 690 506 46 533 
141 307 789 510 726 0 744 992 70 220 979 980 175 63 189 101 555 951 198 83 664 10 635 838 606 222 475 327 392 403 374 434 241 405 101 331 350 642 626 73 801 311 637 403 523 905 560 1 492 883 350 673 581 614 630 193 734 937 948 800 389 965 219 584 319 977 635 230 318 519 599 871 390 66 476 26 384 857 203 862 227 763 72 256 187 296 208 401 844 120 557 941 668 669 431 850 405 741 892 
58 179 627 193 677 744 0 574 674 165 540 133 448 909 487 193 347 237 575 340 918 769 127 20 308 565 781 906 21 576 209 662 668 88 753 334 886 6 298 874 848 94 900 495 36 529 994 887 203 375 211 484 679 844 105 298 473 444 342 40 806 379 139 516 34 813 11 529 102 849 109 779 969 338 710 488 672 880 646 732 946 619 723 732 578 697 426 561 915 471 459 27 191 866 912 698 610 449 106 
102 781 6 518 68 992 574 0 318 345 111 408 84 872 444 579 528 323 184 420 992 774 333 801 913 635 801 337 421 570 702 282 980 621 640 421 43 447 617 16 976 864 400 107 719 95 473 693 927 413 927 623 572 88 895 215 246 822 399 914 631 78 706 535 905 996 570 883 27 796 953 802 168 857 88 945 758 879 4 818 883 817 860 889 19 492 700 812 341 65 494 61 85 779 569 524 697 666 792 
435 489 471 589 100 70 674 318 0 849 764 113 110 598 949 476 314 490 416 166 131 296 488 862 1 180 518 793 157 517 200 244 858 509 815 721 893 129 141 439 705 194 13 56 755 619 766 829 983 137 45 605 463 50 723 332 634 787 897 1 693 333 215 191 30 818 998 650 795 812 915 570 975 123 170 487 573 157 454 973 763 112 141 544 124 578 459 460 306 328 623 328 748 342 166 691 310 377 948 
10 250 168 968 375 220 165 345 849 0 19 907 610 586 773 533 169 274 472 261 583 242 921 92 465 341 37 756 958 460 935 832 749 805 192 780 703 227 484 767 402 122 982 378 142 612 211 578 191 2 277 535 345 748 638 168 78 419 841 514 845 379 896 292 326 191 213 260 654 961 261 236 936 116 397 872 600 341 502 571 380 674 374 126 970 981 43 960 658 293 414 70 474 759 940 31 662 171 211 
362 10 266 296 271 979 540 111 764 19 0 678 511 323 667 315 852 666 825 568 758 12 716 241 251 251 437 778 63 339 6 199 742 21 920 611 656 34 112 662 687 775 215 537 667 656 300 370 852 652 530 162 967 755 377 583 651 331 344 255 307 612 353 384 695 800 222 841 781 531 913 60 660 674 451 357 596 696 711 532 463 90 479 864 157 590 463 854 752 158 175 332 463 982 860 778 710 969 892 
470 139 902 758 318 980 133 408 113 907 678 0 978 817 465 297 368 170 179 353 671 845 569 405 696 42 142 343 401 833 429 403 582 55 611 213 803 370 19 260 409 806 8 199 756 311 941 670 995 130 243 555 32 45 791 838 525 775 105 494 14 82 74 80 557 390 215 945 477 946 684 236 74 834 537 120 426 387 957 892 613 786 457 896 5 902 270 422 447 674 420 10 462 567 215 831 835 915 130 
770 408 459 789 454 175 448 84 110 610 511 978 0 61 176 186 332 425 332 471 316 332 752 748 401 276 163 708 56 417 173 200 303 519 654 580 669 670 18 530 437 446 739 116 162 454 742 163 704 417 510 221 246 216 16 674 50 588 848 797 913 363 132 801 578 448 106 164 573 957 471 790 212 166 856 805 754 221 29 30 934 755 699 418 370 858 15 23 574 47 141 279 543 181 496 647 175 477 527 
406 70 627 849 212 63 909 872 598 586 323 817 61 0 922 994 56 125 744 906 687 39 126 992 659 909 17 546 937 756 224 870 43 60 234 532 324 777 712 101 521 894 757 563 830 407 179 934 857 800 371 772 159 408 548 600 272 268 430 456 411 304 628 68 264 981 320 374 547 757 979 382 239 970 227 603 682 2 90 538 952 833 222 956 183 348 870 944 765 8 657 969 580 732 448 430 713 120 875 
192 240 44 439 551 189 487 444 949 773 667 465 176 922 0 441 292 349 293 823 390 385 233 544 164 334 637 89 636 74 430 494 814 508 217 32 46 47 161 781 801 195 330 558 288 337 71 964 592 87 194 501 236 813 28 30 357 188 629 13 908 892 706 313 561 805 45 511 228 318 485 979 381 611 748 199 589 6 656 64 932 769 551 134 239 946 943 91 297 119 704 873 469 168 339 230 384 419 136 
3 940 588 919 946 101 193 579 476 533 315 297 186 994 441 0 669 624 771 250 40 584 666 3 237 918 19 958 756 248 460 559 80 65 492 388 150 972 443 329 377 724 300 193 953 698 799 600 434 754 371 154 832 625 812 227 699 282 782 883 941 933 488 745 338 584 172 851 21 326 245 797 371 780 204 716 80 371 657 877 376 337 97 974 615 671 264 378 752 390 215 915 413 831 451 961 547 869 724 
992 756 834 581 472 555 347 528 314 169 852 368 332 56 292 669 0 897 909 251 375 232 841 449 308 928 100 723 971 733 704 299 946 564 37 844 6 241 704 654 757 115 858 238 209 387 988 196 904 171 406 597 448 584 917 245 557 432 394 529 985 264 269 767 929 858 138 219 786 432 2 191 360 123 850 905 888 534 581 43 479 394 500 164 843 632 865 384 413 406 232 14 210 892 561 70 74 866 348 
499 908 958 582 322 951 237 323 490 274 666 170 425 125 349 624 897 0 823 116 394 235 819 494 159 854 35 882 238 887 93 235 367 564 707 709 981 96 787 852 608 774 860 419 370 714 743 423 679 490 638 276 396 132 60 142 16 228 286 849 665 110 230 973 967 367 934 956 68 159 78 365 372 72 199 655 776 498 523 35 463 774 597 310 540 564 139 804 72 218 766 712 309 91 543 508 152 65 503 
564 736 683 94 330 198 575 184 416 472 825 179 332 744 293 771 909 823 0 262 156 744 583 961 612 69 618 223 518 328 348 983 463 804 588 30 750 542 983 496 276 961 39 660 990 313 323 674 955 206 31 70 334 683 331 163 820 597 155 696 332 256 362 359 4 572 450 11 783 216 225 749 162 486 121 149 859 902 64 317 491 728 82 591 524 946 56 10 66 381 304 912 282 976 912 266 488 461 976 
354 117 236 712 680 83 340 420 166 261 568 353 471 906 823 250 251 116 262 0 595 223 878 198 609 836 712 480 899 394 620 465 300 948 960 178 796 472 646 193 56 997 33 11 974 759 825 546 826 393 247 915 889 480 960 940 640 987 449 40 896 400 873 426 503 597 622 790 428 754 36 882 371 840 59 674 251 484 776 16 176 278 94 964 766 794 37 192 918 878 395 174 392 12 708 51 819 784 824 
984 902 989 55 834 664 918 992 131 583 758 671 316 687 390 40 375 394 156 595 0 345 992 773 509 964 542 398 854 144 377 505 447 279 468 779 557 777 865 233 821 397 38 354 142 713 905 693 810 647 159 934 66 223 758 762 600 984 670 53 705 728 253 199 93 492 869 611 584 959 590 692 168 702 109 835 172 938 217 232 506 724 449 551 241 756 765 780 982 193 372 766 788 183 45 269 613 18 564 
550 817 558 3 46 10 769 774 296 242 12 845 332 39 385 584 232 235 744 223 345 0 565 509 70 110 897 71 957 756 321 855 582 378 748 765 996 629 217 631 230 814 716 472 539 780 76 169 720 185 749 543 420 750 513 62 622 362 399 667 715 119 390 455 835 701 687 194 378 657 590 908 882 474 285 25 680 543 98 808 5 368 998 64 468 644 402 360 79 45 577 232 233 855 196 126 337 767 826 
780 601 89 89 802 635 127 333 488 921 716 569 752 126 233 666 841 819 583 878 992 565 0 42 990 505 408 135 905 79 31 737 971 825 528 552 154 559 707 993 132 474 260 911 860 628 641 183 470 134 475 910 182 422 265 199 156 161 488 766 444 728 329 847 475 305 639 141 738 986 892 792 586 488 191 616 337 341 628 77 88 645 536 742 917 775 437 195 399 630 722 647 596 287 376 731 955 179 281 
771 72 732 298 716 838 20 801 862 92 241 405 748 992 544 3 449 494 961 198 773 509 42 0 204 781 142 897 559 208 947 378 763 834 184 401 612 453 591 272 448 544 205 101 201 451 929 84 12 413 386 204 908 878 158 883 262 760 788 397 37 578 128 83 34 629 919 653 627 633 690 149 742 514 354 343 28 242 96 623 488 900 421 668 38 415 467 454 726 605 948 393 607 480 324 645 499 953 76 
409 48 894 827 389 606 308 913 1 465 251 696 401 659 164 237 308 159 612 609 509 70 990 204 0 906 102 401 176 215 232 736 129 580 128 907 179 468 90 13 554 453 919 439 849 577 897 700 913 213 292 900 843 480 621 989 949 508 157 231 800 93 414 568 705 555 594 786 246 825 226 663 713 72 493 526 562 416 968 880 241 516 754 28 9 86 251 875 599 636 51 302 826 986 676 824 521 339 159 
726 548 730 80 742 222 565 635 180 341 251 42 276 909 334 918 928 854 69 836 964 110 505 781 906 0 418 379 978 693 713 592 867 839 957 378 714 22 434 752 287 297 258 163 34 634 701 852 296 187 494 37 675 296 770 281 332 197 550 674 291 680 981 649 7 181 713 588 790 31 106 535 841 865 185 659 977 401 510 300 321 106 393 728 518 443 124 957 263 722 128 245 203 766 237 109 489 879 482 
688 5 802 436 61 475 781 801 518 37 437 142 163 17 637 19 100 35 618 712 542 897 408 142 102 418 0 995 541 861 92 944 819 43 608 869 645 579 298 300 373 491 285 712 452 176 59 785 187 390 303 221 235 920 203 961 139 437 652 919 443 266 39 597 191 56 530 179 846 582 17 975 941 164 162 317 992 445 200 266 488 497 429 747 982 504 555 962 610 499 314 197 551 892 50 379 255 771 156 
315 528 618 345 749 327 906 337 793 756 778 343 708 546 89 958 723 882 223 480 398 71 135 897 401 379 995 0 991 465 214 567 213 342 90 716 387 232 92 626 167 878 978 63 981 121 266 923 633 385 847 266 180 497 273 680 440 638 695 894 724 468 674 805 669 724 373 345 280 843 847 868 523 399 412 966 101 404 350 890 260 773 407 4 735 491 838 937 196 295 974 358 810 896 546 540 763 59 258 
479 948 243 69 509 392 21 421 157 958 63 401 56 937 636 756 971 238 518 899 854 957 905 559 176 978 541 991 0 149 873 74 332 912 631 418 15 100 297 664 287 990 897 912 245 730 244 322 903 283 329 507 396 360 698 870 809 534 679 150 131 930 555 752 60 194 56 633 645 632 776 808 999 712 362 769 565 350 606 356 677 631 785 886 391 920 854 588 831 502 369 628 517 196 232 284 434 607 629 
384 315 607 488 476 403 576 570 517 460 339 833 417 756 74 248 733 887 328 394 144 756 79 208 215 693 861 465 149 0 67 803 931 760 826 801 499 238 138 715 470 236 537 257 350 778 371 27 258 758 328 370 112 550 950 84 155 327 653 748 493 443 75 627 570 489 782 396 745 875 641 182 402 61 390 632 260 786 228 15 798 906 444 576 986 704 403 639 720 776 420 187 651 862 336 897 325 215 822 
298 982 536 398 214 374 209 702 200 935 6 429 173 224 430 460 704 93 348 620 377 321 31 947 232 713 92 214 873 67 0 879 797 388 728 594 160 528 14 684 634 553 52 704 168 809 369 988 699 78 101 131 506 33 727 825 331 511 860 34 174 208 166 735 958 658 680 719 461 598 88 181 201 88 767 86 199 995 614 537 778 687 988 647 833 66 290 628 235 283 985 100 300 754 115 839 482 332 601 
916 215 489 323 982 434 662 282 244 832 199 403 200 870 494 559 299 235 983 465 505 855 737 378 736 592 944 567 74 803 879 0 465 725 747 871 786 139 668 624 792 923 6 768 545 704 309 834 418 721 359 407 453 522 336 375 796 88 152 48 459 575 821 428 884 76 966 197 49 83 832 202 96 578 401 499 723 911 490 239 813 897 913 952 46 800 93 25 466 126 719 421 252 399 302 923 165 339 764 
931 771 871 610 305 241 668 980 858 749 742 582 303 43 814 80 946 367 463 300 447 582 971 763 129 867 819 213 332 931 797 465 0 480 412 117 387 410 909 603 754 553 173 786 539 629 344 788 243 376 45 132 245 256 92 205 786 767 264 67 720 678 639 46 164 710 210 783 406 483 785 641 655 752 389 670 534 259 660 525 379 712 978 35 746 717 298 320 703 701 935 645 782 112 777 429 705 459 665 
381 298 421 587 44 405 88 621 509 805 21 55 519 60 508 65 564 564 804 948 279 378 825 834 580 839 43 342 912 760 388 725 480 0 72 225 984 919 539 709 999 254 855 314 214 555 943 870 567 265 478 817 388 350 669 831 913 94 155 964 472 193 423 442 874 891 429 450 806 146 345 537 274 42 588 489 404 960 579 776 129 214 882 944 572 152 652 549 171 960 568 506 833 638 667 944 680 894 755 
518 872 484 540 198 101 753 640 815 192 920 611 654 234 217 492 37 707 588 960 468 748 528 184 128 957 608 90 631 826 728 747 412 72 0 948 168 940 312 776 634 419 69 430 569 950 674 677 162 25 123 878 906 249 873 252 323 143 811 413 100 6 504 298 183 568 400 854 620 419 895 77 215 440 450 277 278 736 171 665 10 789 530 637 351 829 139 350 294 644 763 456 5 331 980 104 263 700 171 
945 745 202 667 651 331 334 421 721 780 611 213 580 532 32 388 844 709 30 178 779 765 552 401 907 378 869 716 418 801 594 871 117 225 948 0 568 36 338 753 109 233 551 837 933 925 675 718 350 594 489 884 505 197 718 461 269 87 855 257 173 106 787 842 481 382 965 324 757 623 95 748 556 978 589 290 68 734 260 664 857 413 994 420 29 63 384 51 449 784 558 77 867 793 691 541 60 577 933 
564 906 241 487 446 350 886 43 893 703 656 803 669 324 46 150 6 981 750 796 557 996 154 612 179 714 645 387 15 499 160 786 387 984 168 568 0 571 352 912 728 944 115 822 781 820 118 759 128 62 827 546 69 826 25 896 935 326 348 543 925 964 604 282 498 234 990 466 59 77 550 764 916 609 503 214 745 392 283 879 54 669 415 646 366 243 572 970 121 906 438 604 520 608 221 616 805 777 935 
201 858 119 578 9 642 6 447 129 227 34 370 670 777 47 972 241 96 542 472 777 629 559 453 468 22 579 232 100 238 528 139 410 919 940 36 571 0 243 694 459 814 368 978 215 449 679 491 925 531 802 956 945 293 949 429 265 16 889 330 612 208 282 297 654 315 669 348 731 75 681 76 788 872 240 873 435 699 823 417 291 594 65 891 50 649 266 693 939 968 583 593 472 160 969 601 701 251 140 
960 313 311 731 663 626 298 617 141 484 112 19 18 712 161 443 704 787 983 646 865 217 707 591 90 434 298 92 297 138 14 668 909 539 312 338 352 243 0 6 361 104 131 334 588 718 227 202 147 16 329 313 313 969 33 58 852 186 987 482 765 305 312 580 713 816 140 166 300 162 559 797 633 234 521 489 836 612 501 207 432 175 958 360 770 920 898 794 918 121 80 13 698 169 663 604 768 709 343 
216 279 508 765 868 73 874 16 439 767 662 260 530 101 781 329 654 852 496 193 233 631 993 272 13 752 300 626 664 715 684 624 603 709 776 753 912 694 6 0 119 954 943 282 880 218 191 360 453 961 79 563 769 572 970 549 129 392 477 682 580 522 191 92 391 143 968 551 615 272 390 208 975 121 255 495 555 489 216 733 26 848 911 244 409 55 210 20 581 864 434 233 35 636 643 147 614 960 376 
949 754 39 534 570 801 848 976 705 402 687 409 437 521 801 377 757 608 276 56 821 230 132 448 554 287 373 167 287 470 634 792 754 999 634 109 728 459 361 119 0 219 207 63 425 440 643 213 528 210 261 523 69 302 902 831 162 700 292 571 718 365 70 822 351 228 920 941 245 948 569 463 333 240 613 182 398 824 420 591 953 268 581 100 21 310 662 701 157 417 221 12 335 659 338 857 555 173 136 
940 689 539 915 682 311 94 864 194 122 775 806 446 894 195 724 115 774 961 997 397 814 474 544 453 297 491 878 990 236 553 923 553 254 419 233 944 814 104 954 219 0 817 277 774 34 417 44 514 707 875 904 222 994 574 490 339 235 702 862 576 781 700 482 210 640 474 915 54 519 511 137 401 725 347 535 485 679 42 978 267 4 588 557 576 444 431 863 920 86 515 897 498 623 524 991 219 634 257 
80 974 994 356 523 637 900 400 13 982 215 8 739 757 330 300 858 860 39 33 38 716 260 205 919 258 285 978 897 537 52 6 173 855 69 551 115 368 131 943 207 817 0 330 779 137 282 955 73 870 321 333 518 62 9 872 57 657 972 987 905 239 385 563 337 137 428 946 52 441 322 802 916 928 863 466 142 107 620 632 180 893 228 498 888 634 444 728 767 465 882 836 305 241 613 844 744 530 33 
598 861 966 913 829 403 495 107 56 378 537 199 116 563 558 193 238 419 660 11 354 472 911 101 439 163 712 63 912 257 704 768 786 314 430 837 822 978 334 282 63 277 330 0 344 792 383 695 302 98 888 997 226 529 734 926 555 538 259 262 373 188 736 925 814 609 861 374 766 952 700 242 729 122 551 627 943 850 483 699 138 892 522 568 527 405 716 556 880 794 572 320 819 589 598 485 663 125 925 
170 810 185 888 508 523 36 719 755 142 667 756 162 830 288 953 209 370 990 974 142 539 860 201 849 34 452 981 245 350 168 545 539 214 569 933 781 215 588 880 425 774 779 344 0 709 452 99 257 357 5 281 623 206 110 937 669 842 229 753 476 688 302 311 138 820 525 422 576 2 209 840 342 608 72 182 373 349 586 77 945 992 223 860 312 473 728 341 757 85 755 462 39 671 501 870 478 980 177 
461 411 649 235 192 905 529 95 619 612 656 311 454 407 337 698 387 714 313 759 713 780 628 451 577 634 176 121 730 778 809 704 629 555 950 925 820 449 718 218 440 34 137 792 709 0 724 158 612 435 270 983 231 107 977 563 961 873 296 185 137 703 324 324 832 195 929 456 842 163 131 138 36 89 778 604 251 287 830 343 154 902 783 421 746 98 35 496 415 38 243 793 732 528 967 506 391 424 145 
112 431 946 198 48 560 994 473 766 211 300 941 742 179 71 799 988 743 323 825 905 76 641 929 897 701 59 266 244 371 369 309 344 943 674 675 118 679 227 191 643 417 282 383 452 724 0 364 982 166 198 344 503 46 812 774 800 71 698 299 339 533 864 452 996 640 209 809 783 817 485 970 673 547 913 844 961 847 12 970 824 743 430 866 997 368 829 639 751 511 116 333 579 765 574 759 280 594 680 
657 511 251 689 688 1 887 693 829 578 370 670 163 934 964 600 196 423 674 546 693 169 183 84 700 852 785 923 322 27 988 834 788 870 677 718 759 491 202 360 213 44 955 695 99 158 364 0 783 341 965 665 313 807 377 112 467 57 407 131 654 143 138 923 555 645 66 759 238 176 356 697 894 990 550 553 919 347 87 957 340 568 251 506 807 937 396 342 643 894 565 682 686 166 859 100 901 778 167 
712 576 803 499 821 492 203 927 983 191 852 995 704 857 592 434 904 679 955 826 810 720 470 12 913 296 187 633 903 258 699 418 243 567 162 350 128 925 147 453 528 514 73 302 257 612 982 783 0 616 1 105 119 884 569 390 357 20 396 401 512 877 39 145 461 807 826 816 753 211 781 394 299 421 228 572 683 711 36 928 716 487 750 517 78 949 88 302 171 771 546 99 526 606 85 959 394 447 138 
249 324 576 391 103 883 375 413 137 2 652 130 417 800 87 754 171 490 206 393 647 185 134 413 213 187 390 385 283 758 78 721 376 265 25 594 62 531 16 961 210 707 870 98 357 435 166 341 616 0 151 358 153 430 179 99 683 331 495 650 837 733 833 769 541 696 347 280 990 321 949 492 180 618 550 54 637 318 97 867 382 900 604 890 431 282 578 975 383 936 520 67 885 405 433 402 23 442 482 
556 879 94 738 587 350 211 927 45 277 530 243 510 371 194 371 406 638 31 247 159 749 475 386 292 494 303 847 329 328 101 359 45 478 123 489 827 802 329 79 261 875 321 888 5 270 198 965 1 151 0 534 934 280 261 334 200 747 317 285 793 223 850 712 647 660 787 792 136 166 618 448 12 878 689 506 591 105 870 703 255 980 762 417 537 114 869 229 361 964 416 673 221 923 714 777 354 355 268 
989 442 209 388 628 673 484 623 605 535 162 555 221 772 501 154 597 276 70 915 934 543 910 204 900 37 221 266 507 370 131 407 132 817 878 884 546 956 313 563 523 904 333 997 281 983 344 665 105 358 534 0 272 189 55 33 559 638 880 492 805 19 527 491 778 641 696 980 269 382 116 107 225 772 185 316 939 402 183 385 925 695 315 566 305 335 60 258 861 912 555 876 67 560 7 844 749 660 362 
843 103 943 26 374 581 679 572 463 345 967 32 246 159 236 832 448 396 334 889 66 420 182 908 843 675 235 180 396 112 506 453 245 388 906 505 69 945 313 769 69 222 518 226 623 231 503 313 119 153 934 272 0 883 199 880 719 12 882 120 222 940 70 140 408 765 34 937 260 155 631 152 435 434 424 57 409 240 661 935 519 683 751 870 144 170 79 272 496 325 280 670 773 662 318 570 643 957 999 
776 309 407 347 215 614 844 88 50 748 755 45 216 408 813 625 584 132 683 480 223 750 422 878 480 296 920 497 360 550 33 522 256 350 249 197 826 293 969 572 302 994 62 529 206 107 46 807 884 430 280 189 883 0 429 299 461 756 41 573 402 836 879 837 435 222 192 681 962 937 906 597 495 548 624 160 489 11 265 430 312 199 154 576 269 729 596 934 862 952 236 8 707 196 759 125 766 650 707 
177 582 824 857 297 630 105 895 723 638 377 791 16 548 28 812 917 60 331 960 758 513 265 158 621 770 203 273 698 950 727 336 92 669 873 718 25 949 33 970 902 574 9 734 110 977 812 377 569 179 261 55 199 429 0 748 840 475 484 668 462 11 833 565 653 186 327 674 171 496 683 532 210 152 940 56 691 254 797 414 597 122 658 449 993 111 185 617 678 549 396 693 631 635 623 707 665 428 854 
190 25 275 463 947 193 298 215 332 168 583 838 674 600 30 227 245 142 163 940 762 62 199 883 989 281 961 680 870 84 825 375 205 831 252 461 896 429 58 549 831 490 872 926 937 563 774 112 390 99 334 33 880 299 748 0 877 974 260 274 481 494 207 43 947 235 467 610 607 25 747 115 877 325 37 658 828 43 356 512 399 515 359 546 722 78 879 425 301 908 803 375 30 37 852 565 280 731 157 
111 213 103 720 933 734 473 246 634 78 651 525 50 272 357 699 557 16 820 640 600 622 156 262 949 332 139 440 809 155 331 796 786 913 323 269 935 265 852 129 162 339 57 555 669 961 800 467 357 683 200 559 719 461 840 877 0 394 543 644 719 245 367 428 124 487 558 701 113 780 906 577 881 982 885 150 195 195 99 615 706 761 427 959 60 243 118 371 660 690 319 814 203 744 767 418 335 361 627 
417 115 998 10 500 937 444 822 787 419 331 775 588 268 188 282 432 228 597 987 984 362 161 760 508 197 437 638 534 327 511 88 767 94 143 87 326 16 186 392 700 235 657 538 842 873 71 57 20 331 747 638 12 756 475 974 394 0 623 49 228 720 237 670 139 614 838 547 897 317 188 814 534 563 582 817 893 915 300 74 874 171 593 876 884 816 867 900 297 494 985 411 960 743 866 956 54 465 806 
773 248 965 170 486 948 342 399 897 841 344 105 848 430 629 782 394 286 155 449 670 399 488 788 157 550 652 695 679 653 860 152 264 155 811 855 348 889 987 477 292 702 972 259 229 296 698 407 396 495 317 880 882 41 484 260 543 623 0 623 844 887 176 240 125 968 432 130 409 516 616 264 143 478 748 936 516 144 799 311 640 260 162 460 160 262 789 739 592 138 420 625 926 635 577 358 294 812 238 
605 332 111 132 189 800 40 914 1 514 255 494 797 456 13 883 529 849 696 40 53 667 766 397 231 674 919 894 150 748 34 48 67 964 413 257 543 330 482 682 571 862 987 262 753 185 299 131 401 650 285 492 120 573 668 274 644 49 623 0 15 763 156 371 862 529 757 744 92 70 272 690 329 63 667 736 473 88 960 283 782 446 470 748 273 610 277 846 812 128 907 932 510 6 461 568 263 886 668 
810 692 856 138 22 389 806 631 693 845 307 14 913 411 908 941 985 665 332 896 705 715 444 37 800 291 443 724 131 493 174 459 720 472 100 173 925 612 765 580 718 576 905 373 476 137 339 654 512 837 793 805 222 402 462 481 719 228 844 15 0 752 571 553 611 471 978 567 95 490 743 83 908 579 614 135 441 561 800 943 418 890 511 42 705 649 664 265 448 165 630 901 11 646 116 549 461 524 550 
213 518 278 283 323 965 379 78 333 379 612 82 363 304 892 933 264 110 256 400 728 119 728 578 93 680 266 468 930 443 208 575 678 193 6 106 964 208 305 522 365 781 239 188 688 703 533 143 877 733 223 19 940 836 11 494 245 720 887 763 752 0 483 567 411 578 564 566 861 529 10 172 336 957 550 557 68 627 779 298 728 543 747 523 73 890 86 726 2 983 223 16 686 601 467 746 689 304 25 
176 741 255 477 420 219 139 706 215 896 353 74 132 628 706 488 269 230 362 873 253 390 329 128 414 981 39 674 555 75 166 821 639 423 504 787 604 282 312 191 70 700 385 736 302 324 864 138 39 833 850 527 70 879 833 207 367 237 176 156 571 483 0 788 266 589 247 923 249 9 633 80 193 600 412 421 709 230 737 484 154 737 783 894 100 946 316 358 246 953 505 936 716 258 40 817 885 618 852 
302 396 573 574 631 584 516 535 191 292 384 80 801 68 313 745 767 973 359 426 199 455 847 83 568 649 597 805 752 627 735 428 46 442 298 842 282 297 580 92 822 482 563 925 311 324 452 923 145 769 712 491 140 837 565 43 428 670 240 371 553 567 788 0 94 183 737 972 266 531 135 341 446 337 822 596 519 227 628 160 736 922 294 148 461 947 695 911 81 89 797 261 285 760 210 657 228 721 438 
522 3 117 829 527 319 34 905 30 326 695 557 578 264 561 338 929 967 4 503 93 835 475 34 705 7 191 669 60 570 958 884 164 874 183 481 498 654 713 391 351 210 337 814 138 832 996 555 461 541 647 778 408 435 653 947 124 139 125 862 611 411 266 94 0 927 284 801 202 292 388 560 433 767 208 60 790 216 615 154 832 616 189 985 179 328 765 606 292 417 218 888 721 325 8 151 924 434 192 
30 74 783 888 383 977 813 996 818 191 800 390 448 981 805 584 858 367 572 597 492 701 305 629 555 181 56 724 194 489 658 76 710 891 568 382 234 315 816 143 228 640 137 609 820 195 640 645 807 696 660 641 765 222 186 235 487 614 968 529 471 578 589 183 927 0 175 39 322 902 529 190 768 520 378 212 775 33 186 879 197 297 8 24 724 215 271 130 318 31 220 273 346 257 464 523 8 941 279 
244 810 924 69 708 635 11 570 998 213 222 215 106 320 45 172 138 934 450 622 869 687 639 919 594 713 530 373 56 782 680 966 210 429 400 965 990 669 140 968 920 474 428 861 525 929 209 66 826 347 787 696 34 192 327 467 558 838 432 757 978 564 247 737 284 175 0 145 816 285 598 239 195 816 855 649 492 633 109 273 944 430 119 116 400 296 289 711 848 528 657 757 36 937 353 79 742 373 191 
932 529 361 393 658 230 529 883 650 260 841 945 164 374 511 851 219 956 11 790 611 194 141 653 786 588 179 345 633 396 719 197 783 450 854 324 466 348 166 551 941 915 946 374 422 456 809 759 816 280 792 980 937 681 674 610 701 547 130 744 567 566 923 972 801 39 145 0 290 485 472 323 740 725 846 121 624 848 201 719 363 490 124 872 604 979 515 67 456 971 907 55 825 542 154 215 952 308 217 
100 316 853 317 772 318 102 27 795 654 781 477 573 547 228 21 786 68 783 428 584 378 738 627 246 790 846 280 645 745 461 49 406 806 620 757 59 731 300 615 245 54 52 766 576 842 783 238 753 990 136 269 260 962 171 607 113 897 409 92 95 861 249 266 202 322 816 290 0 443 506 371 40 464 867 110 751 759 422 154 660 515 17 44 805 275 904 418 19 219 796 732 754 223 898 837 153 150 15 
913 467 395 756 40 519 849 796 812 961 531 946 957 757 318 326 432 159 216 754 959 657 986 633 825 31 582 843 632 875 598 83 483 146 419 623 77 75 162 272 948 519 441 952 2 163 817 176 211 321 166 382 155 937 496 25 780 317 516 70 490 529 9 531 292 902 285 485 443 0 955 96 19 92 840 208 986 813 182 65 305 97 546 76 697 619 397 792 791 698 999 596 558 180 249 46 923 161 724 
799 746 355 867 635 599 109 953 915 261 913 684 471 979 485 245 2 78 225 36 590 590 892 690 226 106 17 847 776 641 88 832 785 345 895 95 550 681 559 390 569 511 322 700 209 131 485 356 781 949 618 116 631 906 683 747 906 188 616 272 743 10 633 135 388 529 598 472 506 955 0 319 962 660 511 523 358 612 591 834 53 784 850 708 246 467 992 655 171 65 913 291 332 933 333 676 103 75 722 
395 311 977 261 835 871 779 802 570 236 60 236 790 382 979 797 191 365 749 882 692 908 792 149 663 535 975 868 808 182 181 202 641 537 77 748 764 76 797 208 463 137 802 242 840 138 970 697 394 492 448 107 152 597 532 115 577 814 264 690 83 172 80 341 560 190 239 323 371 96 319 0 151 872 565 834 179 156 792 381 901 351 896 648 416 37 3 103 996 24 116 286 743 544 770 539 402 268 821 
703 909 287 21 56 390 969 168 975 936 660 74 212 239 381 371 360 372 162 371 168 882 586 742 713 841 941 523 999 402 201 96 655 274 215 556 916 788 633 975 333 401 916 729 342 36 673 894 299 180 12 225 435 495 210 877 881 534 143 329 908 336 193 446 433 768 195 740 40 19 962 151 0 357 326 74 959 426 828 736 827 624 399 942 834 549 523 340 40 364 93 509 709 5 632 35 393 50 828 
672 672 534 35 955 66 338 857 123 116 674 834 166 970 611 780 123 72 486 840 702 474 488 514 72 865 164 399 712 61 88 578 752 42 440 978 609 872 234 121 240 725 928 122 608 89 547 990 421 618 878 772 434 548 152 325 982 563 478 63 579 957 600 337 767 520 816 725 464 92 660 872 357 0 127 664 796 113 417 842 341 257 897 330 718 227 137 429 381 786 232 723 576 575 125 405 419 647 245 
776 152 964 638 31 476 710 88 170 397 451 537 856 227 748 204 850 199 121 59 109 285 191 354 493 185 162 412 362 390 767 401 389 588 450 589 503 240 521 255 613 347 863 551 72 778 913 550 228 550 689 185 424 624 940 37 885 582 748 667 614 550 412 822 208 378 855 846 867 840 511 565 326 127 0 154 701 710 627 413 735 537 935 192 785 305 56 739 877 820 197 698 30 887 651 619 219 290 643 
491 119 833 917 712 26 488 945 487 872 357 120 805 603 199 716 905 655 149 674 835 25 616 343 526 659 317 966 769 632 86 499 670 489 277 290 214 873 489 495 182 535 466 627 182 604 844 553 572 54 506 316 57 160 56 658 150 817 936 736 135 557 421 596 60 212 649 121 110 208 523 834 74 664 154 0 911 604 130 955 617 824 498 224 608 413 715 100 57 619 639 684 315 186 747 909 521 890 5 
728 219 878 947 896 384 672 758 573 600 596 426 754 682 589 80 888 776 859 251 172 680 337 28 562 977 992 101 565 260 199 723 534 404 278 68 745 435 836 555 398 485 142 943 373 251 961 919 683 637 591 939 409 489 691 828 195 893 516 473 441 68 709 519 790 775 492 624 751 986 358 179 959 796 701 911 0 807 591 873 739 804 411 82 999 491 368 349 156 533 570 915 707 628 356 441 525 710 972 
15 429 278 3 206 857 880 879 157 341 696 387 221 2 6 371 534 498 902 484 938 543 341 242 416 401 445 404 350 786 995 911 259 960 736 734 392 699 612 489 824 679 107 850 349 287 847 347 711 318 105 402 240 11 254 43 195 915 144 88 561 627 230 227 216 33 633 848 759 813 612 156 426 113 710 604 807 0 809 43 794 508 257 101 158 465 631 445 758 551 837 103 77 583 740 141 801 578 109 
44 236 738 760 555 203 646 4 454 502 711 957 29 90 656 657 581 523 64 776 217 98 628 96 968 510 200 350 606 228 614 490 660 579 171 260 283 823 501 216 420 42 620 483 586 830 12 87 36 97 870 183 661 265 797 356 99 300 799 960 800 779 737 628 615 186 109 201 422 182 591 792 828 417 627 130 591 809 0 507 17 421 357 976 843 700 163 404 662 569 241 798 390 765 831 918 435 110 680 
976 287 626 954 679 862 732 818 973 571 532 892 30 538 64 877 43 35 317 16 232 808 77 623 880 300 266 890 356 15 537 239 525 776 665 664 879 417 207 733 591 978 632 699 77 343 970 957 928 867 703 385 935 430 414 512 615 74 311 283 943 298 484 160 154 879 273 719 154 65 834 381 736 842 413 955 873 43 507 0 411 289 138 588 693 905 681 793 88 296 540 757 932 15 594 145 648 455 954 
770 110 649 277 436 227 946 883 763 380 463 613 934 952 932 376 479 463 491 176 506 5 88 488 241 321 488 260 677 798 778 813 379 129 10 857 54 291 432 26 953 267 180 138 945 154 824 340 716 382 255 925 519 312 597 399 706 874 640 782 418 728 154 736 832 197 944 363 660 305 53 901 827 341 735 617 739 794 17 411 0 35 10 118 26 677 95 297 592 323 641 827 264 944 816 838 925 872 609 
754 756 146 442 311 763 619 817 112 674 90 786 755 833 769 337 394 774 728 278 724 368 645 900 516 106 497 773 631 906 687 897 712 214 789 413 669 594 175 848 268 4 893 892 992 902 743 568 487 900 980 695 683 199 122 515 761 171 260 446 890 543 737 922 616 297 430 490 515 97 784 351 624 257 537 824 804 508 421 289 35 0 675 14 666 349 404 770 747 68 592 778 600 707 258 452 593 392 192 
643 311 102 285 494 72 723 860 141 374 479 457 699 222 551 97 500 597 82 94 449 998 536 421 754 393 429 407 785 444 988 913 978 882 530 994 415 65 958 911 581 588 228 522 223 783 430 251 750 604 762 315 751 154 658 359 427 593 162 470 511 747 783 294 189 8 119 124 17 546 850 896 399 897 935 498 411 257 357 138 10 675 0 287 709 265 46 14 724 602 873 999 658 215 49 501 513 346 726 
687 276 343 43 387 256 732 889 544 126 864 896 418 956 134 974 164 310 591 964 551 64 742 668 28 728 747 4 886 576 647 952 35 944 637 420 646 891 360 244 100 557 498 568 860 421 866 506 517 890 417 566 870 576 449 546 959 876 460 748 42 523 894 148 985 24 116 872 44 76 708 648 942 330 192 224 82 101 976 588 118 14 287 0 660 617 576 257 299 108 442 262 929 371 775 245 540 449 986 
946 142 629 205 785 187 578 19 124 970 157 5 370 183 239 615 843 540 524 766 241 468 917 38 9 518 982 735 391 986 833 46 746 572 351 29 366 50 770 409 21 576 888 527 312 746 997 807 78 431 537 305 144 269 993 722 60 884 160 273 705 73 100 461 179 724 400 604 805 697 246 416 834 718 785 608 999 158 843 693 26 666 709 660 0 950 59 755 779 868 569 604 26 566 651 387 800 768 473 
898 480 535 272 827 296 697 492 578 981 590 902 858 348 946 671 632 564 946 794 756 644 775 415 86 443 504 491 920 704 66 800 717 152 829 63 243 649 920 55 310 444 634 405 473 98 368 937 949 282 114 335 170 729 111 78 243 816 262 610 649 890 946 947 328 215 296 979 275 619 467 37 549 227 305 413 491 465 700 905 677 349 265 617 950 0 413 787 352 459 727 562 689 674 450 474 995 266 437 
422 410 23 267 434 208 426 700 459 43 463 270 15 870 943 264 865 139 56 37 765 402 437 467 251 124 555 838 854 403 290 93 298 652 139 384 572 266 898 210 662 431 444 716 728 35 829 396 88 578 869 60 79 596 185 879 118 867 789 277 664 86 316 695 765 271 289 515 904 397 992 3 523 137 56 715 368 631 163 681 95 404 46 576 59 413 0 118 614 582 294 623 413 819 63 249 701 311 111 
669 450 495 538 559 401 561 812 460 960 854 422 23 944 91 378 384 804 10 192 780 360 195 454 875 957 962 937 588 639 628 25 320 549 350 51 970 693 794 20 701 863 728 556 341 496 639 342 302 975 229 258 272 934 617 425 371 900 739 846 265 726 358 911 606 130 711 67 418 792 655 103 340 429 739 100 349 445 404 793 297 770 14 257 755 787 118 0 25 351 826 23 408 43 461 551 206 800 20 
219 893 484 638 248 844 915 341 306 658 752 447 574 765 297 752 413 72 66 918 982 79 399 726 599 263 610 196 831 720 235 466 703 171 294 449 121 939 918 581 157 920 767 880 757 415 751 643 171 383 361 861 496 862 678 301 660 297 592 812 448 2 246 81 292 318 848 456 19 791 171 996 40 381 877 57 156 758 662 88 592 747 724 299 779 352 614 25 0 908 237 238 958 960 473 214 276 103 641 
666 38 38 475 440 120 471 65 328 293 158 674 47 8 119 390 406 218 381 878 193 45 630 605 636 722 499 295 502 776 283 126 701 960 644 784 906 968 121 864 417 86 465 794 85 38 511 894 771 936 964 912 325 952 549 908 690 494 138 128 165 983 953 89 417 31 528 971 219 698 65 24 364 786 820 619 533 551 569 296 323 68 602 108 868 459 582 351 908 0 766 957 896 522 552 805 709 429 183 
312 197 544 608 425 557 459 494 623 414 175 420 141 657 704 215 232 766 304 395 372 577 722 948 51 128 314 974 369 420 985 719 935 568 763 558 438 583 80 434 221 515 882 572 755 243 116 565 546 520 416 555 280 236 396 803 319 985 420 907 630 223 505 797 218 220 657 907 796 999 913 116 93 232 197 639 570 837 241 540 641 592 873 442 569 727 294 826 237 766 0 812 970 605 128 391 785 514 128 
472 321 455 620 227 941 27 61 328 70 332 10 279 969 873 915 14 712 912 174 766 232 647 393 302 245 197 358 628 187 100 421 645 506 456 77 604 593 13 233 12 897 836 320 462 793 333 682 99 67 673 876 670 8 693 375 814 411 625 932 901 16 936 261 888 273 757 55 732 596 291 286 509 723 698 684 915 103 798 757 827 778 999 262 604 562 623 23 238 957 812 0 102 985 268 269 714 901 676 
551 627 613 615 687 668 191 85 748 474 463 462 543 580 469 413 210 309 282 392 788 233 596 607 826 203 551 810 517 651 300 252 782 833 5 867 520 472 698 35 335 498 305 819 39 732 579 686 526 885 221 67 773 707 631 30 203 960 926 510 11 686 716 285 721 346 36 825 754 558 332 743 709 576 30 315 707 77 390 932 264 600 658 929 26 689 413 408 958 896 970 102 0 145 728 401 639 793 712 
732 8 127 628 736 669 866 779 342 759 982 567 181 732 168 831 892 91 976 12 183 855 287 480 986 766 892 896 196 862 754 399 112 638 331 793 608 160 169 636 659 623 241 589 671 528 765 166 606 405 923 560 662 196 635 37 744 743 635 6 646 601 258 760 325 257 937 542 223 180 933 544 5 575 887 186 628 583 765 15 944 707 215 371 566 674 819 43 960 522 605 985 145 0 5 889 304 58 103 
715 595 151 891 479 431 912 569 166 940 860 215 496 448 339 451 561 543 912 708 45 196 376 324 676 237 50 546 232 336 115 302 777 667 980 691 221 969 663 643 338 524 613 598 501 967 574 859 85 433 714 7 318 759 623 852 767 866 577 461 116 467 40 210 8 464 353 154 898 249 333 770 632 125 651 747 356 740 831 594 816 258 49 775 651 450 63 461 473 552 128 268 728 5 0 292 295 23 597 
31 378 988 411 690 850 698 524 691 31 778 831 647 430 230 961 70 508 266 51 269 126 731 645 824 109 379 540 284 897 839 923 429 944 104 541 616 601 604 147 857 991 844 485 870 506 759 100 959 402 777 844 570 125 707 565 418 956 358 568 549 746 817 657 151 523 79 215 837 46 676 539 35 405 619 909 441 141 918 145 838 452 501 245 387 474 249 551 214 805 391 269 401 889 292 0 212 655 155 
22 864 272 551 506 405 610 697 310 662 710 835 175 713 384 547 74 152 488 819 613 337 955 499 521 489 255 763 434 325 482 165 705 680 263 60 805 701 768 614 555 219 744 663 478 391 280 901 394 23 354 749 643 766 665 280 335 54 294 263 461 689 885 228 924 8 742 952 153 923 103 402 393 419 219 521 525 801 435 648 925 593 513 540 800 995 701 206 276 709 785 714 639 304 295 212 0 486 662 
233 132 949 581 46 741 449 666 377 171 969 915 477 120 419 869 866 65 461 784 18 767 179 953 339 879 771 59 607 215 332 339 459 894 700 577 777 251 709 960 173 634 530 125 980 424 594 778 447 442 355 660 957 650 428 731 361 465 812 886 524 304 618 721 434 941 373 308 150 161 75 268 50 647 290 890 710 578 110 455 872 392 346 449 768 266 311 800 103 429 514 901 793 58 23 655 486 0 248 
744 806 657 940 533 892 106 792 948 211 892 130 527 875 136 724 348 503 976 824 564 826 281 76 159 482 156 258 629 822 601 764 665 755 171 933 935 140 343 376 136 257 33 925 177 145 680 167 138 482 268 362 999 707 854 157 627 806 238 668 550 25 852 438 192 279 191 217 15 724 722 821 828 245 643 5 972 109 680 954 609 192 726 986 473 437 111 20 641 183 128 676 712 103 597 155 662 248 0 
0 0 1 1 1 1 1 1 0 1 1 1 0 0 0 0 1 0 1 0 1 1 0 1 1 0 1 0 0 1 0 1 0 0 1 0 1 0 0 0 0 1 0 0 0 1 0 1 0 1 1 1 0 1 0 0 0 0 1 0 1 0 1 0 0 0 0 1 0 0 0 1 0 0 1 0 0 0 0 1 0 1 1 1 1 0 0 0 0 0 1 0 1 1 0 1 0 1 0 