67
0 890 915 983 502 587 676 692 129 901 978 57 301 850 895 191 57 728 148 638 540 130 867 604 348 659 846 695 420 266 917 209 669 380 292 275 864 256 978 385 496 204 638 124 589 638 494 133 728 98 145 613 747 682 388 908 851 544 434 974 124 399 90 767 675 191 800 
890 0 861 905 355 631 830 624 338 579 206 2 307 794 45 599 215 588 405 940 642 336 281 393 87 622 802 308 634 260 718 677 162 14 496 775 515 164 556 542 320 256 452 664 352 642 41 609 645 689 935 91 742 748 794 698 781 249 242 669 319 532 462 58 87 276 763 
915 861 0 766 71 626 673 168 618 389 341 338 471 900 310 87 908 421 949 312 419 180 93 379 571 416 687 539 3 27 480 594 713 693 75 311 60 577 868 312 156 964 677 430 563 448 122 753 477 524 24 855 811 702 406 942 856 494 855 896 437 883 329 449 738 139 671 
983 905 766 0 982 222 98 405 675 308 234 596 986 734 180 824 716 779 504 563 114 761 900 535 783 489 117 797 354 577 250 646 178 816 252 617 494 2 780 128 846 903 716 560 693 289 5 840 479 191 632 799 623 814 875 863 186 773 185 887 172 582 297 145 727 553 437 
502 355 71 982 0 812 701 546 733 458 307 223 193 359 877 740 851 675 931 48 946 789 58 218 244 351 329 468 864 830 245 813 208 618 434 508 862 978 597 705 582 394 430 2 714 112 505 799 658 910 356 634 247 424 232 925 140 537 279 785 586 660 112 836 181 935 26 
587 631 626 222 812 0 192 463 667 319 30 468 515 477 428 592 264 187 383 382 204 425 189 105 419 102 589 211 537 994 387 48 736 952 417 431 46 620 70 942 260 143 779 47 975 602 143 409 592 171 612 997 295 203 903 853 318 764 569 622 47 322 393 212 747 584 529 
676 830 673 98 701 192 0 189 978 726 562 765 965 485 911 490 508 849 239 9 198 346 807 491 999 143 922 590 495 457 925 51 338 2 374 307 711 467 345 700 834 243 39 164 818 903 88 485 427 152 266 504 513 244 495 867 210 90 343 183 148 557 421 694 262 665 352 
692 624 168 405 546 463 189 0 827 973 702 243 227 798 461 825 138 685 96 676 235 620 336 222 270 296 34 404 145 899 280 219 260 308 583 525 261 249 830 805 531 206 31 804 46 131 60 197 450 258 901 744 458 558 117 561 950 634 527 467 359 117 337 553 219 830 194 
129 338 618 675 733 667 978 827 0 406 980 305 909 664 446 410 834 809 450 172 111 388 629 58 299 63 389 284 101 191 453 944 177 819 561 992 279 302 222 401 189 938 592 15 204 311 861 916 135 248 748 339 76 580 969 433 409 109 778 425 785 470 951 967 76 798 817 
901 579 389 308 458 319 726 973 406 0 731 512 377 197 532 510 698 355 543 905 582 333 382 596 309 264 127 808 911 532 562 492 59 890 183 556 212 884 777 956 945 209 618 835 643 836 565 236 966 42 631 98 767 685 792 520 384 337 110 550 471 143 449 949 796 506 337 
978 206 341 234 307 30 562 702 980 731 0 694 683 958 773 192 5 833 15 435 914 598 670 591 723 943 598 754 609 4 461 853 72 323 939 935 303 394 927 322 902 923 248 366 601 142 682 799 925 805 365 892 962 709 844 934 656 861 343 738 303 643 31 178 169 592 344 
57 2 338 596 223 468 765 243 305 512 694 0 988 404 643 659 293 666 953 851 632 139 673 561 431 857 251 185 176 510 157 912 771 155 117 340 805 498 223 471 722 680 533 134 123 723 11 133 686 78 925 662 443 922 52 794 384 154 317 72 645 233 699 528 743 310 546 
301 307 471 986 193 515 965 227 909 377 683 988 0 645 600 296 626 81 350 808 545 194 146 164 389 668 465 832 682 775 638 30 48 93 595 373 162 702 53 761 857 174 635 918 501 889 660 252 4 486 569 964 49 489 254 581 429 409 733 325 583 859 949 993 693 498 640 
850 794 900 734 359 477 485 798 664 197 958 404 645 0 274 963 828 538 677 916 160 372 478 848 282 410 374 772 640 527 758 476 61 32 785 552 330 736 657 503 165 999 795 287 379 738 821 910 282 635 515 931 624 19 189 970 614 168 123 612 827 11 5 276 30 459 536 
895 45 310 180 877 428 911 461 446 532 773 643 600 274 0 943 234 860 631 833 521 299 876 392 432 747 179 211 973 266 764 718 531 782 958 766 251 143 415 472 658 450 724 914 595 903 550 554 751 630 752 478 331 254 126 839 681 165 719 88 888 743 867 862 678 7 391 
191 599 87 824 740 592 490 825 410 510 192 659 296 963 943 0 648 137 432 616 563 70 914 134 871 33 122 496 100 338 713 232 861 580 156 890 725 479 132 13 779 94 772 218 713 685 182 800 548 795 24 547 364 331 111 662 641 699 265 995 65 284 918 981 919 829 190 
57 215 908 716 851 264 508 138 834 698 5 293 626 828 234 648 0 963 409 508 429 837 537 734 446 165 384 3 934 200 909 326 800 482 619 37 393 933 737 26 872 622 696 701 192 616 105 218 431 597 520 777 475 170 633 31 251 9 759 912 33 306 693 410 530 147 339 
728 588 421 779 675 187 849 685 809 355 833 666 81 538 860 137 963 0 109 750 779 686 524 875 904 6 534 623 454 388 467 846 496 948 623 333 193 352 284 62 5 481 517 386 539 376 303 874 724 798 801 815 232 30 783 594 322 775 552 442 520 251 870 290 815 853 710 
148 405 949 504 931 383 239 96 450 543 15 953 350 677 631 432 409 109 0 704 292 994 872 147 360 965 754 44 23 950 841 385 845 536 690 859 530 329 470 740 310 548 355 18 536 695 302 510 165 658 34 931 55 874 252 162 234 386 386 197 585 924 437 505 596 361 685 
638 940 312 563 48 382 9 676 172 905 435 851 808 916 833 616 508 750 704 0 796 112 156 332 417 255 635 370 861 931 235 217 144 609 53 916 998 273 327 957 155 741 689 5 175 753 319 84 566 517 345 21 180 622 101 190 117 497 112 852 624 837 902 643 719 662 992 
540 642 419 114 946 204 198 235 111 582 914 632 545 160 521 563 429 779 292 796 0 4 527 942 697 601 565 949 582 28 452 761 676 349 793 601 826 263 203 905 770 948 724 330 821 885 98 87 243 191 656 294 696 278 785 258 350 874 219 876 540 705 637 545 49 382 298 
130 336 180 761 789 425 346 620 388 333 598 139 194 372 299 70 837 686 994 112 4 0 292 406 301 702 11 783 585 512 1 369 380 215 220 321 47 263 926 651 43 675 623 664 545 339 495 802 109 486 743 8 909 88 490 955 358 152 191 777 159 147 708 129 77 49 476 
867 281 93 900 58 189 807 336 629 382 670 673 146 478 876 914 537 524 872 156 527 292 0 713 976 740 434 609 933 745 639 32 462 534 734 376 146 890 699 638 232 57 548 608 979 668 902 404 807 683 604 240 543 813 798 514 321 179 148 587 911 179 115 866 550 804 471 
604 393 379 535 218 105 491 222 58 596 591 561 164 848 392 134 734 875 147 332 942 406 713 0 31 547 884 456 542 236 991 269 764 43 8 802 332 741 568 796 605 175 862 834 331 4 559 847 870 268 805 61 591 811 543 539 305 871 642 764 836 379 567 912 90 752 569 
348 87 571 783 244 419 999 270 299 309 723 431 389 282 432 871 446 904 360 417 697 301 976 31 0 752 245 255 637 342 895 196 690 933 291 524 754 768 4 620 91 689 647 327 531 722 501 508 480 73 153 700 353 188 518 641 389 818 841 720 118 255 545 658 934 148 33 
659 622 416 489 351 102 143 296 63 264 943 857 668 410 747 33 165 6 965 255 601 702 740 547 752 0 958 526 597 805 916 145 416 493 258 941 761 686 672 855 540 641 817 806 262 243 569 146 267 835 583 629 499 756 442 369 237 715 962 528 477 352 430 716 861 600 841 
846 802 687 117 329 589 922 34 389 127 598 251 465 374 179 122 384 534 754 635 565 11 434 884 245 958 0 337 346 695 409 361 21 964 923 274 751 730 726 160 571 959 372 179 992 494 256 913 657 6 770 304 1000 992 765 194 848 457 393 672 123 128 591 738 78 302 792 
695 308 539 797 468 211 590 404 284 808 754 185 832 772 211 496 3 623 44 370 949 783 609 456 255 526 337 0 997 727 707 628 390 403 956 691 168 608 493 637 622 572 96 193 289 215 335 852 608 401 567 306 292 689 348 918 861 974 351 774 105 712 166 121 437 642 590 
420 634 3 354 864 537 495 145 101 911 609 176 682 640 973 100 934 454 23 861 582 585 933 542 637 597 346 997 0 223 384 169 250 949 696 847 687 622 806 621 258 951 630 751 451 54 931 596 488 919 751 676 320 799 618 684 370 378 542 366 638 730 9 453 27 384 472 
266 260 27 577 830 994 457 899 191 532 4 510 775 527 266 338 200 388 950 931 28 512 745 236 342 805 695 727 223 0 51 997 26 73 172 904 647 570 328 642 187 716 347 443 951 565 856 936 373 447 73 841 899 587 861 892 51 614 192 856 965 431 456 761 949 196 275 
917 718 480 250 245 387 925 280 453 562 461 157 638 758 764 713 909 467 841 235 452 1 639 991 895 916 409 707 384 51 0 680 857 381 768 692 331 162 401 875 199 604 885 442 583 393 761 372 515 94 612 160 103 160 70 530 539 191 36 229 517 170 790 261 825 656 909 
209 677 594 646 813 48 51 219 944 492 853 912 30 476 718 232 326 846 385 217 761 369 32 269 196 145 361 628 169 997 680 0 166 195 178 168 212 675 308 842 594 91 150 86 19 384 226 310 268 881 1000 723 610 785 515 470 166 431 885 29 585 122 628 793 648 563 60 
669 162 713 178 208 736 338 260 177 59 72 771 48 61 531 861 800 496 845 144 676 380 462 764 690 416 21 390 250 26 857 166 0 11 648 222 257 505 667 139 299 837 103 990 787 847 54 460 877 742 422 206 302 139 853 974 118 758 858 647 170 664 734 297 497 248 140 
380 14 693 816 618 952 2 308 819 890 323 155 93 32 782 580 482 948 536 609 349 215 534 43 933 493 964 403 949 73 381 195 11 0 508 174 358 449 547 314 256 214 148 220 320 374 990 925 670 57 138 595 128 88 3 538 196 551 629 797 969 37 338 568 147 414 31 
292 496 75 252 434 417 374 583 561 183 939 117 595 785 958 156 619 623 690 53 793 220 734 8 291 258 923 956 696 172 768 178 648 508 0 921 585 245 712 560 38 204 999 611 27 99 703 668 3 374 740 577 223 182 955 704 17 399 624 665 360 186 704 743 933 960 117 
275 775 311 617 508 431 307 525 992 556 935 340 373 552 766 890 37 333 859 916 601 321 376 802 524 941 274 691 847 904 692 168 222 174 921 0 499 77 875 611 291 334 192 15 686 472 115 905 21 192 994 3 570 916 963 845 67 344 404 516 568 691 826 494 881 781 33 
864 515 60 494 862 46 711 261 279 212 303 805 162 330 251 725 393 193 530 998 826 47 146 332 754 761 751 168 687 647 331 212 257 358 585 499 0 918 54 426 675 798 652 744 562 992 809 359 325 982 289 638 306 744 38 400 776 267 967 757 834 517 945 17 617 883 234 
256 164 577 2 978 620 467 249 302 884 394 498 702 736 143 479 933 352 329 273 263 263 890 741 768 686 730 608 622 570 162 675 505 449 245 77 918 0 821 655 417 868 926 497 404 680 324 966 58 989 596 647 400 169 698 465 610 586 572 478 392 636 287 222 167 870 601 
978 556 868 780 597 70 345 830 222 777 927 223 53 657 415 132 737 284 470 327 203 926 699 568 4 672 726 493 806 328 401 308 667 547 712 875 54 821 0 234 122 444 134 612 424 367 576 706 141 301 581 319 666 871 297 13 701 747 680 391 74 959 32 446 969 195 419 
385 542 312 128 705 942 700 805 401 956 322 471 761 503 472 13 26 62 740 957 905 651 638 796 620 855 160 637 621 642 875 842 139 314 560 611 426 655 234 0 366 336 63 904 369 545 541 758 458 577 116 78 186 296 333 478 802 600 745 775 374 504 501 848 768 439 41 
496 320 156 846 582 260 834 531 189 945 902 722 857 165 658 779 872 5 310 155 770 43 232 605 91 540 571 622 258 187 199 594 299 256 38 291 675 417 122 366 0 83 570 325 658 91 331 219 882 593 728 560 950 679 510 342 821 836 336 736 483 429 863 970 539 549 694 
204 256 964 903 394 143 243 206 938 209 923 680 174 999 450 94 622 481 548 741 948 675 57 175 689 641 959 572 951 716 604 91 837 214 204 334 798 868 444 336 83 0 509 299 415 48 834 861 732 256 367 926 693 447 342 325 537 35 655 483 840 853 13 327 959 69 906 
638 452 677 716 430 779 39 31 592 618 248 533 635 795 724 772 696 517 355 689 724 623 548 862 647 817 372 96 630 347 885 150 103 148 999 192 652 926 134 63 570 509 0 349 301 214 215 822 339 953 492 399 550 447 218 583 687 425 578 795 71 310 557 31 810 27 396 
124 664 430 560 2 47 164 804 15 835 366 134 918 287 914 218 701 386 18 5 330 664 608 834 327 806 179 193 751 443 442 86 990 220 611 15 744 497 612 904 325 299 349 0 344 136 336 713 624 256 815 829 422 414 835 102 804 70 147 309 451 375 949 378 516 362 515 
589 352 563 693 714 975 818 46 204 643 601 123 501 379 595 713 192 539 536 175 821 545 979 331 531 262 992 289 451 951 583 19 787 320 27 686 562 404 424 369 658 415 301 344 0 20 948 520 780 46 282 687 457 427 128 415 574 393 837 243 519 106 81 543 968 726 335 
638 642 448 289 112 602 903 131 311 836 142 723 889 738 903 685 616 376 695 753 885 339 668 4 722 243 494 215 54 565 393 384 847 374 99 472 992 680 367 545 91 48 214 136 20 0 869 288 891 495 964 300 928 109 871 480 332 961 792 985 317 998 647 96 470 821 478 
494 41 122 5 505 143 88 60 861 565 682 11 660 821 550 182 105 303 302 319 98 495 902 559 501 569 256 335 931 856 761 226 54 990 703 115 809 324 576 541 331 834 215 336 948 869 0 948 830 237 135 642 916 595 915 123 510 907 66 403 251 961 346 14 311 949 33 
133 609 753 840 799 409 485 197 916 236 799 133 252 910 554 800 218 874 510 84 87 802 404 847 508 146 913 852 596 936 372 310 460 925 668 905 359 966 706 758 219 861 822 713 520 288 948 0 786 734 299 90 316 208 739 372 729 325 797 79 604 632 231 855 161 15 127 
728 645 477 479 658 592 427 450 135 966 925 686 4 282 751 548 431 724 165 566 243 109 807 870 480 267 657 608 488 373 515 268 877 670 3 21 325 58 141 458 882 732 339 624 780 891 830 786 0 209 76 206 650 196 535 477 671 500 371 797 766 371 420 21 318 70 433 
98 689 524 191 910 171 152 258 248 42 805 78 486 635 630 795 597 798 658 517 191 486 683 268 73 835 6 401 919 447 94 881 742 57 374 192 982 989 301 577 593 256 953 256 46 495 237 734 209 0 884 709 747 156 870 824 926 454 234 369 24 566 740 728 560 868 893 
145 935 24 632 356 612 266 901 748 631 365 925 569 515 752 24 520 801 34 345 656 743 604 805 153 583 770 567 751 73 612 1000 422 138 740 994 289 596 581 116 728 367 492 815 282 964 135 299 76 884 0 339 994 742 737 836 361 415 487 430 110 881 568 267 843 258 840 
613 91 855 799 634 997 504 744 339 98 892 662 964 931 478 547 777 815 931 21 294 8 240 61 700 629 304 306 676 841 160 723 206 595 577 3 638 647 319 78 560 926 399 829 687 300 642 90 206 709 339 0 750 860 193 62 59 679 175 899 343 969 867 3 340 552 805 
747 742 811 623 247 295 513 458 76 767 962 443 49 624 331 364 475 232 55 180 696 909 543 591 353 499 1000 292 320 899 103 610 302 128 223 570 306 400 666 186 950 693 550 422 457 928 916 316 650 747 994 750 0 978 384 401 98 276 58 816 956 306 951 176 183 327 281 
682 748 702 814 424 203 244 558 580 685 709 922 489 19 254 331 170 30 874 622 278 88 813 811 188 756 992 689 799 587 160 785 139 88 182 916 744 169 871 296 679 447 447 414 427 109 595 208 196 156 742 860 978 0 971 981 896 346 3 672 936 49 952 212 718 982 721 
388 794 406 875 232 903 495 117 969 792 844 52 254 189 126 111 633 783 252 101 785 490 798 543 518 442 765 348 618 861 70 515 853 3 955 963 38 698 297 333 510 342 218 835 128 871 915 739 535 870 737 193 384 971 0 586 297 795 226 460 198 841 560 694 418 331 705 
908 698 942 863 925 853 867 561 433 520 934 794 581 970 839 662 31 594 162 190 258 955 514 539 641 369 194 918 684 892 530 470 974 538 704 845 400 465 13 478 342 325 583 102 415 480 123 372 477 824 836 62 401 981 586 0 571 11 482 203 860 829 390 470 57 202 619 
851 781 856 186 140 318 210 950 409 384 656 384 429 614 681 641 251 322 234 117 350 358 321 305 389 237 848 861 370 51 539 166 118 196 17 67 776 610 701 802 821 537 687 804 574 332 510 729 671 926 361 59 98 896 297 571 0 670 442 603 732 312 773 611 258 12 762 
544 249 494 773 537 764 90 634 109 337 861 154 409 168 165 699 9 775 386 497 874 152 179 871 818 715 457 974 378 614 191 431 758 551 399 344 267 586 747 600 836 35 425 70 393 961 907 325 500 454 415 679 276 346 795 11 670 0 690 818 74 669 616 403 816 634 565 
434 242 855 185 279 569 343 527 778 110 343 317 733 123 719 265 759 552 386 112 219 191 148 642 841 962 393 351 542 192 36 885 858 629 624 404 967 572 680 745 336 655 578 147 837 792 66 797 371 234 487 175 58 3 226 482 442 690 0 39 821 602 184 314 523 956 183 
974 669 896 887 785 622 183 467 425 550 738 72 325 612 88 995 912 442 197 852 876 777 587 764 720 528 672 774 366 856 229 29 647 797 665 516 757 478 391 775 736 483 795 309 243 985 403 79 797 369 430 899 816 672 460 203 603 818 39 0 512 810 207 236 335 558 364 
124 319 437 172 586 47 148 359 785 471 303 645 583 827 888 65 33 520 585 624 540 159 911 836 118 477 123 105 638 965 517 585 170 969 360 568 834 392 74 374 483 840 71 451 519 317 251 604 766 24 110 343 956 936 198 860 732 74 821 512 0 256 438 278 832 324 284 
399 532 883 582 660 322 557 117 470 143 643 233 859 11 743 284 306 251 924 837 705 147 179 379 255 352 128 712 730 431 170 122 664 37 186 691 517 636 959 504 429 853 310 375 106 998 961 632 371 566 881 969 306 49 841 829 312 669 602 810 256 0 277 950 832 23 42 
90 462 329 297 112 393 421 337 951 449 31 699 949 5 867 918 693 870 437 902 637 708 115 567 545 430 591 166 9 456 790 628 734 338 704 826 945 287 32 501 863 13 557 949 81 647 346 231 420 740 568 867 951 952 560 390 773 616 184 207 438 277 0 537 624 405 719 
767 58 449 145 836 212 694 553 967 949 178 528 993 276 862 981 410 290 505 643 545 129 866 912 658 716 738 121 453 761 261 793 297 568 743 494 17 222 446 848 970 327 31 378 543 96 14 855 21 728 267 3 176 212 694 470 611 403 314 236 278 950 537 0 39 196 955 
675 87 738 727 181 747 262 219 76 796 169 743 693 30 678 919 530 815 596 719 49 77 550 90 934 861 78 437 27 949 825 648 497 147 933 881 617 167 969 768 539 959 810 516 968 470 311 161 318 560 843 340 183 718 418 57 258 816 523 335 832 832 624 39 0 911 156 
191 276 139 553 935 584 665 830 798 506 592 310 498 459 7 829 147 853 361 662 382 49 804 752 148 600 302 642 384 196 656 563 248 414 960 781 883 870 195 439 549 69 27 362 726 821 949 15 70 868 258 552 327 982 331 202 12 634 956 558 324 23 405 196 911 0 237 
800 763 671 437 26 529 352 194 817 337 344 546 640 536 391 190 339 710 685 992 298 476 471 569 33 841 792 590 472 275 909 60 140 31 117 33 234 601 419 41 694 906 396 515 335 478 33 127 433 893 840 805 281 721 705 619 762 565 183 364 284 42 719 955 156 237 0 
0 1 1 1 1 0 1 0 1 0 1 1 1 1 1 0 1 0 1 0 1 1 1 1 0 1 0 1 1 1 1 0 0 0 0 1 0 0 1 0 0 1 0 1 1 1 0 0 0 1 1 1 0 1 1 1 1 0 1 1 1 1 1 1 0 0 1 