27
0 81 819 716 611 146 501 749 88 64 605 135 792 747 334 847 165 72 142 254 287 322 630 28 574 627 426 
81 0 970 114 568 906 67 116 374 871 308 218 389 537 83 629 707 453 184 335 185 189 720 878 215 933 494 
819 970 0 405 955 319 632 6 935 134 510 556 201 733 290 547 425 285 589 652 659 213 98 1 641 423 191 
716 114 405 0 398 836 198 815 975 632 858 218 9 356 537 302 884 44 707 658 445 124 293 570 213 442 485 
611 568 955 398 0 543 205 302 623 147 343 438 754 223 682 94 711 756 943 634 846 949 88 347 761 305 918 
146 906 319 836 543 0 379 641 767 931 960 68 191 922 339 406 732 62 115 130 910 437 874 700 424 285 308 
501 67 632 198 205 379 0 841 992 411 235 344 787 523 201 737 238 458 568 448 271 553 283 305 269 622 731 
749 116 6 815 302 641 841 0 501 295 298 348 359 398 703 929 530 16 690 778 471 803 147 153 311 412 83 
88 374 935 975 623 767 992 501 0 645 474 21 496 440 654 682 241 621 20 746 402 936 740 952 879 705 203 
64 871 134 632 147 931 411 295 645 0 947 202 783 529 298 774 760 246 296 59 808 225 80 430 859 247 908 
605 308 510 858 343 960 235 298 474 947 0 663 29 803 587 318 454 990 393 490 977 607 998 662 342 821 222 
135 218 556 218 438 68 344 348 21 202 663 0 636 823 999 650 803 459 578 404 198 322 76 628 116 477 596 
792 389 201 9 754 191 787 359 496 783 29 636 0 477 231 572 453 656 494 216 760 810 258 578 101 307 392 
747 537 733 356 223 922 523 398 440 529 803 823 477 0 869 635 218 348 636 254 528 433 38 646 892 754 523 
334 83 290 537 682 339 201 703 654 298 587 999 231 869 0 373 469 582 585 329 636 114 509 178 632 873 295 
847 629 547 302 94 406 737 929 682 774 318 650 572 635 373 0 642 422 216 168 739 333 708 349 336 256 322 
165 707 425 884 711 732 238 530 241 760 454 803 453 218 469 642 0 14 628 466 714 609 392 350 58 941 140 
72 453 285 44 756 62 458 16 621 246 990 459 656 348 582 422 14 0 593 161 722 518 621 865 483 568 341 
142 184 589 707 943 115 568 690 20 296 393 578 494 636 585 216 628 593 0 946 31 711 487 15 878 550 105 
254 335 652 658 634 130 448 778 746 59 490 404 216 254 329 168 466 161 946 0 138 297 878 985 180 951 467 
287 185 659 445 846 910 271 471 402 808 977 198 760 528 636 739 714 722 31 138 0 77 83 239 525 198 581 
322 189 213 124 949 437 553 803 936 225 607 322 810 433 114 333 609 518 711 297 77 0 808 914 572 78 881 
630 720 98 293 88 874 283 147 740 80 998 76 258 38 509 708 392 621 487 878 83 808 0 500 995 679 339 
28 878 1 570 347 700 305 153 952 430 662 628 578 646 178 349 350 865 15 985 239 914 500 0 229 683 599 
574 215 641 213 761 424 269 311 879 859 342 116 101 892 632 336 58 483 878 180 525 572 995 229 0 717 808 
627 933 423 442 305 285 622 412 705 247 821 477 307 754 873 256 941 568 550 951 198 78 679 683 717 0 86 
426 494 191 485 918 308 731 83 203 908 222 596 392 523 295 322 140 341 105 467 581 881 339 599 808 86 0 
0 1 1 1 0 1 1 0 0 1 1 0 1 0 1 0 0 1 1 0 0 0 0 0 0 0 0 