60
0 986 792 387 26 23 608 788 470 507 740 935 280 162 138 993 132 340 155 419 498 104 381 297 275 69 298 842 243 375 585 57 265 394 76 765 416 31 713 516 443 726 4 97 241 529 808 623 264 837 477 456 43 668 668 427 234 580 352 92 
986 0 856 583 839 25 670 668 847 361 829 805 920 80 265 516 747 778 451 388 170 892 473 141 929 621 592 90 447 37 698 136 194 100 350 625 437 575 303 695 412 91 713 970 216 805 427 704 983 430 35 740 110 595 614 897 610 773 320 626 
792 856 0 872 272 262 73 378 12 326 886 177 72 872 376 157 259 473 912 421 153 122 634 305 393 572 853 838 169 744 764 693 163 357 296 924 416 219 242 37 864 838 15 185 524 284 630 547 562 464 788 180 729 247 165 884 897 93 260 895 
387 583 872 0 692 122 419 432 433 785 887 414 892 569 11 881 582 396 930 915 578 650 389 125 88 994 515 967 278 403 672 470 65 84 759 150 879 212 552 159 614 640 953 980 267 12 261 197 985 960 811 150 521 287 604 509 312 327 780 84 
26 839 272 692 0 685 891 46 391 910 481 415 799 91 680 870 283 130 910 812 87 245 954 392 854 779 945 106 1 282 711 238 401 104 676 34 661 978 720 693 551 335 676 558 368 326 397 97 291 794 537 546 30 675 502 317 296 564 218 527 
23 25 262 122 685 0 907 431 644 273 575 722 211 494 657 322 597 535 436 133 514 783 709 223 433 970 751 809 416 7 932 542 468 465 544 828 100 52 634 177 10 704 887 815 53 141 859 26 935 8 105 989 290 952 2 62 66 243 305 771 
608 670 73 419 891 907 0 395 809 743 975 364 783 201 951 365 927 278 372 936 542 270 423 276 723 880 537 851 66 201 478 757 191 759 765 774 685 675 664 275 332 241 243 409 730 446 204 240 660 262 504 752 816 734 977 908 755 164 444 162 
788 668 378 432 46 431 395 0 178 940 66 116 893 814 892 239 81 663 865 811 724 35 753 523 284 35 747 404 26 337 708 993 567 370 297 931 516 981 477 390 328 119 109 25 715 335 646 347 233 145 140 710 895 557 57 329 936 304 633 992 
470 847 12 433 391 644 809 178 0 68 583 754 395 854 344 597 277 49 431 505 762 15 113 854 594 583 814 870 184 956 79 646 632 525 72 843 154 694 167 803 589 90 408 57 898 752 903 477 834 166 440 539 203 256 874 439 385 684 74 46 
507 361 326 785 910 273 743 940 68 0 44 82 499 931 191 55 671 944 27 81 114 90 234 666 546 669 644 350 369 932 443 443 765 731 347 581 932 891 415 475 263 298 420 459 518 932 954 695 273 331 681 136 217 219 421 632 62 284 981 753 
740 829 886 887 481 575 975 66 583 44 0 144 344 896 221 987 372 527 37 396 130 152 675 861 392 10 950 326 980 440 419 625 115 552 415 122 802 95 93 348 238 456 83 708 489 941 608 520 894 780 186 954 965 518 270 672 732 715 434 192 
935 805 177 414 415 722 364 116 754 82 144 0 794 124 968 304 551 779 986 55 345 655 417 124 506 822 476 620 530 276 476 601 872 848 107 870 96 890 513 831 363 638 805 464 483 430 846 712 30 204 436 821 243 952 240 438 705 36 84 515 
280 920 72 892 799 211 783 893 395 499 344 794 0 24 554 464 300 18 173 393 988 114 96 921 800 973 87 973 567 549 738 327 82 87 373 866 801 783 292 461 667 90 254 75 107 917 381 977 512 187 904 153 728 501 416 277 371 889 572 864 
162 80 872 569 91 494 201 814 854 931 896 124 24 0 3 884 381 445 473 398 534 894 957 140 433 246 515 559 840 632 190 545 317 184 961 374 889 13 90 627 587 630 660 77 806 419 355 769 644 5 774 776 638 652 826 382 586 26 14 650 
138 265 376 11 680 657 951 892 344 191 221 968 554 3 0 357 955 632 636 873 20 199 714 682 112 652 756 795 294 116 147 705 595 282 877 765 574 700 179 340 788 525 467 416 500 525 542 575 259 384 308 514 187 606 484 539 107 568 41 682 
993 516 157 881 870 322 365 239 597 55 987 304 464 884 357 0 850 512 347 390 365 521 271 937 487 796 702 999 466 750 244 41 629 738 54 463 773 471 70 660 151 391 101 420 169 574 525 342 141 951 567 181 716 889 406 305 842 435 584 674 
132 747 259 582 283 597 927 81 277 671 372 551 300 381 955 850 0 366 771 451 30 643 669 645 196 744 999 820 680 144 590 123 987 987 981 144 323 281 866 337 607 653 279 126 965 505 817 201 130 683 442 719 407 34 663 417 151 433 150 850 
340 778 473 396 130 535 278 663 49 944 527 779 18 445 632 512 366 0 900 165 68 246 605 763 679 722 623 645 14 827 394 195 663 667 971 106 971 72 834 128 190 567 651 563 393 110 910 117 186 839 598 977 518 311 344 215 135 975 698 877 
155 451 912 930 910 436 372 865 431 27 37 986 173 473 636 347 771 900 0 483 850 475 377 92 653 325 42 753 856 956 927 23 407 690 255 861 107 254 90 446 858 4 110 460 296 974 578 397 509 453 883 689 856 986 249 694 102 985 475 849 
419 388 421 915 812 133 936 811 505 81 396 55 393 398 873 390 451 165 483 0 353 370 823 526 541 908 401 397 428 172 660 348 370 302 857 244 321 972 602 89 821 249 839 374 940 265 878 675 421 862 333 771 503 652 73 863 160 141 557 657 
498 170 153 578 87 514 542 724 762 114 130 345 988 534 20 365 30 68 850 353 0 738 853 150 385 226 630 279 46 647 515 552 412 299 898 183 612 833 852 346 319 407 820 308 861 387 83 450 775 348 678 546 627 340 689 902 134 670 78 203 
104 892 122 650 245 783 270 35 15 90 152 655 114 894 199 521 643 246 475 370 738 0 872 676 485 209 149 221 666 620 800 911 493 751 990 249 674 860 288 227 644 243 582 77 263 456 622 177 278 269 244 336 688 220 556 949 465 871 657 756 
381 473 634 389 954 709 423 753 113 234 675 417 96 957 714 271 669 605 377 823 853 872 0 273 121 668 186 135 205 129 526 196 213 49 385 21 257 181 213 91 638 284 836 417 623 446 248 458 688 758 148 743 349 873 963 890 922 272 316 929 
297 141 305 125 392 223 276 523 854 666 861 124 921 140 682 937 645 763 92 526 150 676 273 0 837 253 207 108 357 971 363 605 812 50 510 810 714 582 542 110 350 548 820 337 729 968 97 311 971 313 792 143 525 995 595 228 792 961 652 86 
275 929 393 88 854 433 723 284 594 546 392 506 800 433 112 487 196 679 653 541 385 485 121 837 0 48 706 805 486 744 241 613 523 567 814 159 562 854 436 858 228 232 505 760 861 582 70 84 111 697 550 959 591 230 927 614 759 807 737 496 
69 621 572 994 779 970 880 35 583 669 10 822 973 246 652 796 744 722 325 908 226 209 668 253 48 0 460 405 387 59 784 348 608 196 181 551 75 559 986 850 513 241 790 540 815 571 324 471 977 987 776 326 904 232 710 922 373 359 26 660 
298 592 853 515 945 751 537 747 814 644 950 476 87 515 756 702 999 623 42 401 630 149 186 207 706 460 0 699 273 603 472 917 800 579 875 506 508 420 5 968 784 199 720 796 874 769 146 644 895 747 271 725 39 475 444 752 460 385 894 964 
842 90 838 967 106 809 851 404 870 350 326 620 973 559 795 999 820 645 753 397 279 221 135 108 805 405 699 0 574 439 621 24 758 572 275 850 685 294 881 670 776 890 513 843 506 882 287 250 541 671 274 298 958 542 193 842 6 441 4 550 
243 447 169 278 1 416 66 26 184 369 980 530 567 840 294 466 680 14 856 428 46 666 205 357 486 387 273 574 0 169 208 742 539 499 176 216 306 456 321 430 251 743 370 825 360 870 555 724 817 426 917 555 612 302 353 752 435 342 803 405 
375 37 744 403 282 7 201 337 956 932 440 276 549 632 116 750 144 827 956 172 647 620 129 971 744 59 603 439 169 0 400 157 277 48 403 93 613 179 150 580 170 367 169 351 848 78 331 259 131 551 699 687 58 354 732 775 302 470 155 955 
585 698 764 672 711 932 478 708 79 443 419 476 738 190 147 244 590 394 927 660 515 800 526 363 241 784 472 621 208 400 0 782 25 39 526 466 18 881 248 307 658 737 207 463 176 710 409 237 209 319 859 409 130 578 106 869 923 802 472 738 
57 136 693 470 238 542 757 993 646 443 625 601 327 545 705 41 123 195 23 348 552 911 196 605 613 348 917 24 742 157 782 0 462 452 475 391 310 566 157 51 395 568 317 886 167 501 877 774 104 988 863 152 670 462 745 638 88 462 103 329 
265 194 163 65 401 468 191 567 632 765 115 872 82 317 595 629 987 663 407 370 412 493 213 812 523 608 800 758 539 277 25 462 0 533 43 878 962 610 604 668 347 222 661 819 756 189 389 289 180 231 952 519 631 165 948 804 911 431 480 881 
394 100 357 84 104 465 759 370 525 731 552 848 87 184 282 738 987 667 690 302 299 751 49 50 567 196 579 572 499 48 39 452 533 0 521 318 688 739 621 469 757 869 228 560 719 445 72 235 582 175 764 675 593 796 222 395 680 456 514 137 
76 350 296 759 676 544 765 297 72 347 415 107 373 961 877 54 981 971 255 857 898 990 385 510 814 181 875 275 176 403 526 475 43 521 0 358 460 538 977 668 125 217 977 922 717 129 31 322 711 744 723 732 854 688 343 163 775 706 395 762 
765 625 924 150 34 828 774 931 843 581 122 870 866 374 765 463 144 106 861 244 183 249 21 810 159 551 506 850 216 93 466 391 878 318 358 0 112 249 215 352 399 858 567 820 201 756 306 901 224 333 490 158 379 442 535 194 61 670 278 405 
416 437 416 879 661 100 685 516 154 932 802 96 801 889 574 773 323 971 107 321 612 674 257 714 562 75 508 685 306 613 18 310 962 688 460 112 0 86 22 53 817 62 669 154 802 148 702 267 713 450 51 764 758 539 994 934 632 814 934 545 
31 575 219 212 978 52 675 981 694 891 95 890 783 13 700 471 281 72 254 972 833 860 181 582 854 559 420 294 456 179 881 566 610 739 538 249 86 0 717 709 350 314 907 967 120 167 329 473 603 389 538 369 192 25 948 458 222 141 587 103 
713 303 242 552 720 634 664 477 167 415 93 513 292 90 179 70 866 834 90 602 852 288 213 542 436 986 5 881 321 150 248 157 604 621 977 215 22 717 0 431 804 430 123 383 893 890 424 534 98 249 330 850 714 74 868 160 99 925 484 665 
516 695 37 159 693 177 275 390 803 475 348 831 461 627 340 660 337 128 446 89 346 227 91 110 858 850 968 670 430 580 307 51 668 469 668 352 53 709 431 0 889 893 919 268 346 766 237 656 441 876 240 292 528 918 747 758 729 286 473 104 
443 412 864 614 551 10 332 328 589 263 238 363 667 587 788 151 607 190 858 821 319 644 638 350 228 513 784 776 251 170 658 395 347 757 125 399 817 350 804 889 0 368 731 507 138 100 386 593 810 550 439 734 143 608 31 826 344 719 147 319 
726 91 838 640 335 704 241 119 90 298 456 638 90 630 525 391 653 567 4 249 407 243 284 548 232 241 199 890 743 367 737 568 222 869 217 858 62 314 430 893 368 0 54 788 560 137 881 546 134 342 655 504 5 271 66 843 471 145 614 849 
4 713 15 953 676 887 243 109 408 420 83 805 254 660 467 101 279 651 110 839 820 582 836 820 505 790 720 513 370 169 207 317 661 228 977 567 669 907 123 919 731 54 0 612 360 44 758 947 974 676 115 679 96 316 15 310 180 667 819 697 
97 970 185 980 558 815 409 25 57 459 708 464 75 77 416 420 126 563 460 374 308 77 417 337 760 540 796 843 825 351 463 886 819 560 922 820 154 967 383 268 507 788 612 0 459 398 228 817 982 316 797 812 17 294 274 102 789 884 357 599 
241 216 524 267 368 53 730 715 898 518 489 483 107 806 500 169 965 393 296 940 861 263 623 729 861 815 874 506 360 848 176 167 756 719 717 201 802 120 893 346 138 560 360 459 0 781 788 730 353 98 606 498 139 623 538 367 804 937 951 187 
529 805 284 12 326 141 446 335 752 932 941 430 917 419 525 574 505 110 974 265 387 456 446 968 582 571 769 882 870 78 710 501 189 445 129 756 148 167 890 766 100 137 44 398 781 0 422 260 994 714 535 880 684 701 52 803 117 679 585 627 
808 427 630 261 397 859 204 646 903 954 608 846 381 355 542 525 817 910 578 878 83 622 248 97 70 324 146 287 555 331 409 877 389 72 31 306 702 329 424 237 386 881 758 228 788 422 0 753 33 272 856 920 237 389 140 980 357 295 193 815 
623 704 547 197 97 26 240 347 477 695 520 712 977 769 575 342 201 117 397 675 450 177 458 311 84 471 644 250 724 259 237 774 289 235 322 901 267 473 534 656 593 546 947 817 730 260 753 0 176 506 344 564 559 950 988 777 908 684 391 406 
264 983 562 985 291 935 660 233 834 273 894 30 512 644 259 141 130 186 509 421 775 278 688 971 111 977 895 541 817 131 209 104 180 582 711 224 713 603 98 441 810 134 974 982 353 994 33 176 0 826 645 609 318 340 213 485 233 303 635 976 
837 430 464 960 794 8 262 145 166 331 780 204 187 5 384 951 683 839 453 862 348 269 758 313 697 987 747 671 426 551 319 988 231 175 744 333 450 389 249 876 550 342 676 316 98 714 272 506 826 0 274 817 613 275 544 810 606 484 404 108 
477 35 788 811 537 105 504 140 440 681 186 436 904 774 308 567 442 598 883 333 678 244 148 792 550 776 271 274 917 699 859 863 952 764 723 490 51 538 330 240 439 655 115 797 606 535 856 344 645 274 0 620 801 369 618 573 478 804 479 487 
456 740 180 150 546 989 752 710 539 136 954 821 153 776 514 181 719 977 689 771 546 336 743 143 959 326 725 298 555 687 409 152 519 675 732 158 764 369 850 292 734 504 679 812 498 880 920 564 609 817 620 0 10 832 295 90 307 130 807 603 
43 110 729 521 30 290 816 895 203 217 965 243 728 638 187 716 407 518 856 503 627 688 349 525 591 904 39 958 612 58 130 670 631 593 854 379 758 192 714 528 143 5 96 17 139 684 237 559 318 613 801 10 0 831 535 608 768 924 634 770 
668 595 247 287 675 952 734 557 256 219 518 952 501 652 606 889 34 311 986 652 340 220 873 995 230 232 475 542 302 354 578 462 165 796 688 442 539 25 74 918 608 271 316 294 623 701 389 950 340 275 369 832 831 0 416 818 751 488 111 62 
668 614 165 604 502 2 977 57 874 421 270 240 416 826 484 406 663 344 249 73 689 556 963 595 927 710 444 193 353 732 106 745 948 222 343 535 994 948 868 747 31 66 15 274 538 52 140 988 213 544 618 295 535 416 0 17 95 679 345 430 
427 897 884 509 317 62 908 329 439 632 672 438 277 382 539 305 417 215 694 863 902 949 890 228 614 922 752 842 752 775 869 638 804 395 163 194 934 458 160 758 826 843 310 102 367 803 980 777 485 810 573 90 608 818 17 0 64 663 959 89 
234 610 897 312 296 66 755 936 385 62 732 705 371 586 107 842 151 135 102 160 134 465 922 792 759 373 460 6 435 302 923 88 911 680 775 61 632 222 99 729 344 471 180 789 804 117 357 908 233 606 478 307 768 751 95 64 0 864 998 372 
580 773 93 327 564 243 164 304 684 284 715 36 889 26 568 435 433 975 985 141 670 871 272 961 807 359 385 441 342 470 802 462 431 456 706 670 814 141 925 286 719 145 667 884 937 679 295 684 303 484 804 130 924 488 679 663 864 0 15 751 
352 320 260 780 218 305 444 633 74 981 434 84 572 14 41 584 150 698 475 557 78 657 316 652 737 26 894 4 803 155 472 103 480 514 395 278 934 587 484 473 147 614 819 357 951 585 193 391 635 404 479 807 634 111 345 959 998 15 0 466 
92 626 895 84 527 771 162 992 46 753 192 515 864 650 682 674 850 877 849 657 203 756 929 86 496 660 964 550 405 955 738 329 881 137 762 405 545 103 665 104 319 849 697 599 187 627 815 406 976 108 487 603 770 62 430 89 372 751 466 0 
1 0 1 1 1 1 0 0 0 1 1 0 0 1 1 1 0 0 0 1 1 0 0 1 1 1 0 0 1 0 0 0 1 0 0 1 1 0 0 1 1 0 1 0 1 1 1 1 0 1 0 0 1 1 0 0 0 0 0 0 