70
0 949 972 98 110 843 61 8 851 862 459 296 596 238 190 107 954 180 809 543 819 821 95 814 564 414 959 469 644 502 244 69 381 55 324 904 994 798 702 615 167 219 990 842 688 2 982 238 987 843 717 473 581 917 707 85 760 450 763 277 28 151 81 35 125 476 510 170 653 971 
949 0 182 133 619 160 911 731 435 730 56 89 168 990 742 474 102 840 634 840 887 725 674 195 842 326 453 169 197 961 149 370 324 927 193 397 254 279 82 627 30 770 30 123 687 941 357 276 907 599 796 44 653 155 151 895 319 572 953 817 199 899 64 991 322 620 380 5 943 315 
972 182 0 62 710 248 362 975 69 61 655 234 624 602 593 64 429 595 797 357 566 271 324 628 590 62 321 280 537 41 394 340 324 386 146 117 675 438 636 413 920 135 733 252 280 870 611 262 495 78 851 157 909 88 906 980 366 46 897 26 529 954 984 626 484 113 789 212 733 530 
98 133 62 0 611 322 936 82 416 490 22 472 836 168 504 294 654 121 144 738 534 961 285 738 938 734 500 611 516 741 381 480 403 19 609 32 199 133 643 404 586 233 641 247 836 512 486 265 687 520 4 768 314 978 758 53 398 39 1 640 507 143 677 672 290 910 547 27 202 728 
110 619 710 611 0 831 929 764 967 948 113 576 980 235 838 568 329 740 302 243 892 456 235 867 780 600 747 864 242 800 703 887 962 304 181 311 444 556 816 115 381 765 64 406 207 311 692 59 226 117 42 210 13 320 855 581 998 876 717 884 402 943 413 778 956 153 734 110 70 142 
843 160 248 322 831 0 551 441 370 932 175 70 785 42 332 61 593 416 269 991 110 555 813 411 937 430 413 257 939 65 471 683 373 883 506 72 848 175 946 186 28 305 597 701 256 518 90 615 513 435 842 256 400 631 337 874 46 872 775 60 124 890 376 464 399 799 895 562 474 509 
61 911 362 936 929 551 0 144 436 656 756 561 825 117 596 129 905 775 484 198 565 557 284 983 124 974 833 823 763 179 909 453 125 925 720 878 833 98 263 616 917 755 169 373 355 817 901 438 254 868 393 351 367 704 516 636 957 576 956 653 228 281 377 855 808 541 984 7 32 321 
8 731 975 82 764 441 144 0 822 159 993 30 448 421 597 759 819 835 124 987 505 895 3 422 596 507 810 909 902 441 703 560 316 564 797 543 440 415 195 198 835 899 672 391 511 168 248 300 506 966 121 28 679 1 704 741 54 137 759 232 345 439 832 96 513 390 519 930 457 813 
851 435 69 416 967 370 436 822 0 247 237 220 292 601 949 290 157 394 747 881 304 989 592 291 419 593 147 691 395 522 10 979 980 646 926 519 972 537 403 917 489 7 399 157 120 69 20 735 8 513 364 630 152 614 981 229 476 682 576 571 476 457 908 509 473 568 39 654 775 557 
862 730 61 490 948 932 656 159 247 0 366 218 309 182 100 94 493 3 119 812 421 473 365 204 640 23 202 902 77 874 421 24 907 563 796 658 405 411 376 2 94 427 928 274 719 371 206 742 850 973 970 499 170 532 918 819 726 382 964 230 707 963 525 645 539 481 747 164 342 380 
459 56 655 22 113 175 756 993 237 366 0 833 411 51 133 899 514 740 62 39 82 959 189 496 793 113 339 146 457 198 998 680 651 427 634 186 295 554 489 36 781 929 68 256 497 597 803 794 885 975 636 371 356 914 501 825 706 181 936 122 868 669 321 464 118 878 460 153 102 461 
296 89 234 472 576 70 561 30 220 218 833 0 509 143 278 887 461 448 641 510 706 830 846 602 364 431 75 139 400 286 265 385 751 875 563 582 937 137 99 277 909 631 458 98 102 749 440 17 935 163 989 397 251 926 375 378 405 897 13 385 18 414 513 816 607 384 823 208 578 219 
596 168 624 836 980 785 825 448 292 309 411 509 0 579 420 337 275 20 629 470 739 69 196 257 107 453 694 987 706 963 639 812 904 212 731 128 945 508 639 714 585 691 647 113 936 58 683 990 197 713 548 456 202 980 381 583 943 710 663 604 498 617 298 526 37 978 585 142 819 324 
238 990 602 168 235 42 117 421 601 182 51 143 579 0 101 677 364 980 825 552 215 551 18 6 958 726 677 543 429 5 607 461 282 205 395 934 330 862 847 382 336 882 683 114 178 51 526 487 562 264 498 48 689 589 954 413 574 514 166 855 914 991 987 830 692 145 810 949 935 736 
190 742 593 504 838 332 596 597 949 100 133 278 420 101 0 355 102 293 764 88 738 370 794 314 528 971 885 248 890 691 219 602 131 515 797 492 156 356 803 711 18 694 505 655 759 750 794 471 300 855 727 193 350 943 675 947 574 339 950 488 513 259 3 648 967 703 562 462 852 654 
107 474 64 294 568 61 129 759 290 94 899 887 337 677 355 0 318 48 745 759 26 506 619 912 106 419 482 419 138 718 923 650 830 981 791 364 334 457 490 133 20 356 624 514 60 210 988 914 432 344 122 314 212 766 922 265 258 5 42 839 634 710 75 445 410 53 734 700 673 223 
954 102 429 654 329 593 905 819 157 493 514 461 275 364 102 318 0 533 758 863 571 691 775 809 198 252 441 53 27 649 739 337 668 201 354 350 610 267 418 114 547 63 488 585 878 350 953 372 681 498 279 641 713 649 768 592 216 969 746 108 598 218 365 435 270 131 427 1 195 333 
180 840 595 121 740 416 775 835 394 3 740 448 20 980 293 48 533 0 916 744 932 783 140 538 246 974 681 602 556 379 548 980 782 871 229 458 383 107 543 539 639 111 478 311 462 528 436 343 298 307 543 955 899 773 966 467 31 334 396 297 400 312 117 18 355 619 345 721 145 276 
809 634 797 144 302 269 484 124 747 119 62 641 629 825 764 745 758 916 0 747 301 809 1000 318 531 960 347 35 25 36 148 963 446 807 213 734 587 178 549 563 158 593 573 242 414 588 46 756 961 278 722 478 368 847 949 75 431 307 686 582 209 103 704 296 178 347 921 415 128 716 
543 840 357 738 243 991 198 987 881 812 39 510 470 552 88 759 863 744 747 0 127 602 653 344 579 882 338 214 196 558 24 884 338 59 727 568 412 894 110 876 781 138 576 773 714 110 380 534 357 184 338 750 967 883 13 688 889 701 479 546 4 297 20 395 651 15 383 865 233 874 
819 887 566 534 892 110 565 505 304 421 82 706 739 215 738 26 571 932 301 127 0 432 868 10 467 321 896 807 430 546 714 622 417 476 461 360 732 236 491 198 63 38 474 295 974 327 569 834 76 355 712 648 66 29 311 891 36 155 902 505 733 436 560 456 694 821 112 985 425 87 
821 725 271 961 456 555 557 895 989 473 959 830 69 551 370 506 691 783 809 602 432 0 445 348 38 734 465 784 42 587 494 697 173 678 158 283 474 297 62 85 16 305 797 218 949 75 74 242 801 666 41 914 193 93 71 316 398 803 566 77 408 708 585 693 442 402 332 153 56 397 
95 674 324 285 235 813 284 3 592 365 189 846 196 18 794 619 775 140 1000 653 868 445 0 807 389 280 511 167 248 461 753 584 2 723 318 667 609 221 551 719 223 616 993 402 673 431 865 586 914 220 594 439 667 721 258 58 745 404 32 175 787 105 28 749 398 649 102 483 923 646 
814 195 628 738 867 411 983 422 291 204 496 602 257 6 314 912 809 538 318 344 10 348 807 0 519 565 329 872 570 174 957 925 495 568 93 50 336 765 622 334 572 156 234 668 642 563 918 171 721 554 735 974 357 65 97 557 826 614 37 47 316 664 209 155 304 931 605 675 725 672 
564 842 590 938 780 937 124 596 419 640 793 364 107 958 528 106 198 246 531 579 467 38 389 519 0 206 711 799 271 76 55 629 651 614 402 921 314 957 293 439 64 767 999 61 700 886 724 527 231 597 841 264 403 463 44 875 601 998 622 163 400 635 251 798 336 740 992 980 669 648 
414 326 62 734 600 430 974 507 593 23 113 431 453 726 971 419 252 974 960 882 321 734 280 565 206 0 405 720 209 955 967 582 485 561 192 15 810 181 154 609 40 324 307 913 70 968 791 654 369 413 645 469 95 50 591 518 590 33 313 584 309 78 411 513 458 884 441 108 918 910 
959 453 321 500 747 413 833 810 147 202 339 75 694 677 885 482 441 681 347 338 896 465 511 329 711 405 0 721 842 226 483 817 986 678 476 893 28 831 53 329 477 981 191 301 419 376 980 222 436 249 940 234 742 936 819 165 651 647 626 619 730 674 875 133 252 98 273 557 806 269 
469 169 280 611 864 257 823 909 691 902 146 139 987 543 248 419 53 602 35 214 807 784 167 872 799 720 721 0 340 98 175 626 696 677 834 652 994 541 692 994 738 292 922 66 471 761 2 668 60 381 306 424 79 13 887 85 500 367 276 991 198 451 429 242 995 727 178 374 224 880 
644 197 537 516 242 939 763 902 395 77 457 400 706 429 890 138 27 556 25 196 430 42 248 570 271 209 842 340 0 785 587 59 394 475 822 83 328 36 231 834 990 870 844 312 422 83 470 690 858 489 137 693 590 622 616 403 912 133 823 456 56 167 148 880 302 585 6 43 669 144 
502 961 41 741 800 65 179 441 522 874 198 286 963 5 691 718 649 379 36 558 546 587 461 174 76 955 226 98 785 0 164 459 886 985 632 432 526 47 162 765 517 264 672 30 418 652 116 128 146 646 611 120 86 299 874 569 730 203 247 876 292 231 872 341 958 481 811 939 694 1000 
244 149 394 381 703 471 909 703 10 421 998 265 639 607 219 923 739 548 148 24 714 494 753 957 55 967 483 175 587 164 0 149 39 788 186 391 557 544 934 685 270 798 930 676 285 192 664 44 884 348 46 5 248 405 721 339 771 551 454 735 970 498 182 497 215 65 602 916 759 278 
69 370 340 480 887 683 453 560 979 24 680 385 812 461 602 650 337 980 963 884 622 697 584 925 629 582 817 626 59 459 149 0 396 846 817 688 464 286 660 796 758 12 976 777 596 566 969 921 549 127 935 462 265 85 308 716 846 350 388 695 629 698 266 635 485 701 649 90 990 34 
381 324 324 403 962 373 125 316 980 907 651 751 904 282 131 830 668 782 446 338 417 173 2 495 651 485 986 696 394 886 39 396 0 596 527 91 211 384 591 101 45 985 455 169 376 909 942 541 869 372 325 261 929 44 981 148 15 845 332 160 929 536 730 520 846 85 215 190 152 38 
55 927 386 19 304 883 925 564 646 563 427 875 212 205 515 981 201 871 807 59 476 678 723 568 614 561 678 677 475 985 788 846 596 0 318 576 383 385 326 550 803 656 694 174 426 224 507 713 535 58 176 804 975 405 789 899 787 139 789 328 971 757 894 600 425 259 439 798 353 399 
324 193 146 609 181 506 720 797 926 796 634 563 731 395 797 791 354 229 213 727 461 158 318 93 402 192 476 834 822 632 186 817 527 318 0 556 175 706 35 875 323 421 566 648 501 547 697 487 9 511 997 130 693 109 11 900 955 990 886 801 878 695 760 387 313 553 397 870 46 958 
904 397 117 32 311 72 878 543 519 658 186 582 128 934 492 364 350 458 734 568 360 283 667 50 921 15 893 652 83 432 391 688 91 576 556 0 791 94 411 847 741 336 944 420 617 76 942 388 810 180 49 310 592 150 208 809 384 374 599 711 643 551 430 411 890 696 676 12 563 414 
994 254 675 199 444 848 833 440 972 405 295 937 945 330 156 334 610 383 587 412 732 474 609 336 314 810 28 994 328 526 557 464 211 383 175 791 0 128 25 731 362 371 689 867 56 545 196 175 471 993 382 217 76 158 665 804 258 351 293 401 270 228 181 528 165 98 899 878 352 428 
798 279 438 133 556 175 98 415 537 411 554 137 508 862 356 457 267 107 178 894 236 297 221 765 957 181 831 541 36 47 544 286 384 385 706 94 128 0 607 162 721 131 967 885 494 528 355 565 234 61 893 109 674 144 122 342 298 741 346 918 838 546 946 103 112 858 228 156 876 531 
702 82 636 643 816 946 263 195 403 376 489 99 639 847 803 490 418 543 549 110 491 62 551 622 293 154 53 692 231 162 934 660 591 326 35 411 25 607 0 568 296 610 587 945 500 409 364 112 591 405 309 992 381 386 769 72 831 543 389 847 467 500 992 620 549 74 19 185 705 409 
615 627 413 404 115 186 616 198 917 2 36 277 714 382 711 133 114 539 563 876 198 85 719 334 439 609 329 994 834 765 685 796 101 550 875 847 731 162 568 0 926 217 40 431 118 391 931 775 295 542 6 624 308 404 39 114 902 734 748 246 933 856 714 457 939 940 937 291 157 535 
167 30 920 586 381 28 917 835 489 94 781 909 585 336 18 20 547 639 158 781 63 16 223 572 64 40 477 738 990 517 270 758 45 803 323 741 362 721 296 926 0 727 826 362 186 940 786 118 153 789 518 325 550 703 232 142 434 978 208 677 656 208 862 24 509 715 861 526 475 483 
219 770 135 233 765 305 755 899 7 427 929 631 691 882 694 356 63 111 593 138 38 305 616 156 767 324 981 292 870 264 798 12 985 656 421 336 371 131 610 217 727 0 708 369 622 311 455 858 438 181 484 998 156 75 516 226 867 716 275 414 965 984 474 495 716 968 50 329 19 915 
990 30 733 641 64 597 169 672 399 928 68 458 647 683 505 624 488 478 573 576 474 797 993 234 999 307 191 922 844 672 930 976 455 694 566 944 689 967 587 40 826 708 0 819 656 620 540 971 261 366 439 78 696 263 591 533 182 403 179 603 535 54 221 502 239 455 733 170 22 118 
842 123 252 247 406 701 373 391 157 274 256 98 113 114 655 514 585 311 242 773 295 218 402 668 61 913 301 66 312 30 676 777 169 174 648 420 867 885 945 431 362 369 819 0 425 671 534 679 151 388 1 601 602 431 960 268 982 930 426 280 637 149 112 975 885 564 554 497 533 364 
688 687 280 836 207 256 355 511 120 719 497 102 936 178 759 60 878 462 414 714 974 949 673 642 700 70 419 471 422 418 285 596 376 426 501 617 56 494 500 118 186 622 656 425 0 252 944 793 7 190 394 618 790 336 860 651 582 994 468 307 139 105 405 705 699 861 436 427 746 246 
2 941 870 512 311 518 817 168 69 371 597 749 58 51 750 210 350 528 588 110 327 75 431 563 886 968 376 761 83 652 192 566 909 224 547 76 545 528 409 391 940 311 620 671 252 0 32 365 138 353 414 106 15 601 48 622 149 194 405 225 676 450 9 32 365 837 102 430 853 853 
982 357 611 486 692 90 901 248 20 206 803 440 683 526 794 988 953 436 46 380 569 74 865 918 724 791 980 2 470 116 664 969 942 507 697 942 196 355 364 931 786 455 540 534 944 32 0 432 259 526 82 5 711 944 55 812 182 16 764 848 539 313 948 963 569 214 499 339 565 799 
238 276 262 265 59 615 438 300 735 742 794 17 990 487 471 914 372 343 756 534 834 242 586 171 527 654 222 668 690 128 44 921 541 713 487 388 175 565 112 775 118 858 971 679 793 365 432 0 607 655 304 655 497 211 888 33 876 583 188 4 435 591 879 566 28 631 290 843 387 673 
987 907 495 687 226 513 254 506 8 850 885 935 197 562 300 432 681 298 961 357 76 801 914 721 231 369 436 60 858 146 884 549 869 535 9 810 471 234 591 295 153 438 261 151 7 138 259 607 0 568 820 475 460 871 274 833 714 598 833 553 401 866 325 707 332 739 839 361 670 928 
843 599 78 520 117 435 868 966 513 973 975 163 713 264 855 344 498 307 278 184 355 666 220 554 597 413 249 381 489 646 348 127 372 58 511 180 993 61 405 542 789 181 366 388 190 353 526 655 568 0 181 529 123 959 638 668 882 34 218 588 589 70 799 875 891 660 851 189 376 925 
717 796 851 4 42 842 393 121 364 970 636 989 548 498 727 122 279 543 722 338 712 41 594 735 841 645 940 306 137 611 46 935 325 176 997 49 382 893 309 6 518 484 439 1 394 414 82 304 820 181 0 657 49 931 507 199 963 830 179 138 11 83 802 558 243 862 623 389 495 38 
473 44 157 768 210 256 351 28 630 499 371 397 456 48 193 314 641 955 478 750 648 914 439 974 264 469 234 424 693 120 5 462 261 804 130 310 217 109 992 624 325 998 78 601 618 106 5 655 475 529 657 0 149 691 497 123 66 217 360 184 955 922 827 496 786 349 872 6 409 54 
581 653 909 314 13 400 367 679 152 170 356 251 202 689 350 212 713 899 368 967 66 193 667 357 403 95 742 79 590 86 248 265 929 975 693 592 76 674 381 308 550 156 696 602 790 15 711 497 460 123 49 149 0 530 897 550 499 45 790 27 88 718 395 183 250 45 648 761 767 10 
917 155 88 978 320 631 704 1 614 532 914 926 980 589 943 766 649 773 847 883 29 93 721 65 463 50 936 13 622 299 405 85 44 405 109 150 158 144 386 404 703 75 263 431 336 601 944 211 871 959 931 691 530 0 634 712 745 657 848 668 918 273 576 63 194 816 465 142 621 436 
707 151 906 758 855 337 516 704 981 918 501 375 381 954 675 922 768 966 949 13 311 71 258 97 44 591 819 887 616 874 721 308 981 789 11 208 665 122 769 39 232 516 591 960 860 48 55 888 274 638 507 497 897 634 0 555 329 194 196 338 709 178 364 637 590 857 867 341 386 903 
85 895 980 53 581 874 636 741 229 819 825 378 583 413 947 265 592 467 75 688 891 316 58 557 875 518 165 85 403 569 339 716 148 899 900 809 804 342 72 114 142 226 533 268 651 622 812 33 833 668 199 123 550 712 555 0 790 306 310 756 7 967 600 722 317 447 280 679 689 225 
760 319 366 398 998 46 957 54 476 726 706 405 943 574 574 258 216 31 431 889 36 398 745 826 601 590 651 500 912 730 771 846 15 787 955 384 258 298 831 902 434 867 182 982 582 149 182 876 714 882 963 66 499 745 329 790 0 668 584 477 651 136 197 716 851 845 686 852 832 437 
450 572 46 39 876 872 576 137 682 382 181 897 710 514 339 5 969 334 307 701 155 803 404 614 998 33 647 367 133 203 551 350 845 139 990 374 351 741 543 734 978 716 403 930 994 194 16 583 598 34 830 217 45 657 194 306 668 0 48 527 824 932 509 263 153 299 327 168 205 443 
763 953 897 1 717 775 956 759 576 964 936 13 663 166 950 42 746 396 686 479 902 566 32 37 622 313 626 276 823 247 454 388 332 789 886 599 293 346 389 748 208 275 179 426 468 405 764 188 833 218 179 360 790 848 196 310 584 48 0 670 16 265 597 493 315 283 339 581 213 864 
277 817 26 640 884 60 653 232 571 230 122 385 604 855 488 839 108 297 582 546 505 77 175 47 163 584 619 991 456 876 735 695 160 328 801 711 401 918 847 246 677 414 603 280 307 225 848 4 553 588 138 184 27 668 338 756 477 527 670 0 733 187 368 31 323 927 124 551 958 865 
28 199 529 507 402 124 228 345 476 707 868 18 498 914 513 634 598 400 209 4 733 408 787 316 400 309 730 198 56 292 970 629 929 971 878 643 270 838 467 933 656 965 535 637 139 676 539 435 401 589 11 955 88 918 709 7 651 824 16 733 0 609 880 696 950 624 14 260 237 414 
151 899 954 143 943 890 281 439 457 963 669 414 617 991 259 710 218 312 103 297 436 708 105 664 635 78 674 451 167 231 498 698 536 757 695 551 228 546 500 856 208 984 54 149 105 450 313 591 866 70 83 922 718 273 178 967 136 932 265 187 609 0 803 781 551 693 516 820 529 533 
81 64 984 677 413 376 377 832 908 525 321 513 298 987 3 75 365 117 704 20 560 585 28 209 251 411 875 429 148 872 182 266 730 894 760 430 181 946 992 714 862 474 221 112 405 9 948 879 325 799 802 827 395 576 364 600 197 509 597 368 880 803 0 710 899 201 970 698 21 545 
35 991 626 672 778 464 855 96 509 645 464 816 526 830 648 445 435 18 296 395 456 693 749 155 798 513 133 242 880 341 497 635 520 600 387 411 528 103 620 457 24 495 502 975 705 32 963 566 707 875 558 496 183 63 637 722 716 263 493 31 696 781 710 0 435 158 920 666 383 694 
125 322 484 290 956 399 808 513 473 539 118 607 37 692 967 410 270 355 178 651 694 442 398 304 336 458 252 995 302 958 215 485 846 425 313 890 165 112 549 939 509 716 239 885 699 365 569 28 332 891 243 786 250 194 590 317 851 153 315 323 950 551 899 435 0 26 551 709 373 367 
476 620 113 910 153 799 541 390 568 481 878 384 978 145 703 53 131 619 347 15 821 402 649 931 740 884 98 727 585 481 65 701 85 259 553 696 98 858 74 940 715 968 455 564 861 837 214 631 739 660 862 349 45 816 857 447 845 299 283 927 624 693 201 158 26 0 542 831 560 916 
510 380 789 547 734 895 984 519 39 747 460 823 585 810 562 734 427 345 921 383 112 332 102 605 992 441 273 178 6 811 602 649 215 439 397 676 899 228 19 937 861 50 733 554 436 102 499 290 839 851 623 872 648 465 867 280 686 327 339 124 14 516 970 920 551 542 0 970 532 581 
170 5 212 27 110 562 7 930 654 164 153 208 142 949 462 700 1 721 415 865 985 153 483 675 980 108 557 374 43 939 916 90 190 798 870 12 878 156 185 291 526 329 170 497 427 430 339 843 361 189 389 6 761 142 341 679 852 168 581 551 260 820 698 666 709 831 970 0 86 609 
653 943 733 202 70 474 32 457 775 342 102 578 819 935 852 673 195 145 128 233 425 56 923 725 669 918 806 224 669 694 759 990 152 353 46 563 352 876 705 157 475 19 22 533 746 853 565 387 670 376 495 409 767 621 386 689 832 205 213 958 237 529 21 383 373 560 532 86 0 934 
971 315 530 728 142 509 321 813 557 380 461 219 324 736 654 223 333 276 716 874 87 397 646 672 648 910 269 880 144 1000 278 34 38 399 958 414 428 531 409 535 483 915 118 364 246 853 799 673 928 925 38 54 10 436 903 225 437 443 864 865 414 533 545 694 367 916 581 609 934 0 
0 0 0 0 0 0 0 0 0 0 0 0 0 0 0 0 0 0 0 0 0 0 0 0 0 0 0 1 0 0 0 0 0 0 0 0 0 0 0 0 0 0 0 0 0 0 0 0 0 0 0 0 0 0 0 0 0 0 0 0 0 0 0 0 0 0 0 0 0 0 