28
0 498 824 597 270 411 905 54 150 471 965 522 123 478 512 811 343 411 230 35 587 10 823 526 314 255 364 253 
498 0 152 981 305 569 102 115 581 424 24 259 478 386 182 613 184 83 901 470 200 933 646 765 18 263 49 415 
824 152 0 769 176 695 433 720 782 707 52 835 649 436 339 788 579 790 42 123 79 5 641 466 122 913 856 972 
597 981 769 0 71 986 73 431 871 723 446 684 858 159 643 304 812 551 475 684 105 547 899 968 45 363 115 498 
270 305 176 71 0 791 786 757 693 439 37 401 538 138 798 884 90 351 945 155 702 613 786 656 854 402 851 463 
411 569 695 986 791 0 787 983 532 666 344 322 117 727 711 447 17 803 957 851 229 264 556 811 344 890 322 710 
905 102 433 73 786 787 0 627 484 408 747 983 887 310 626 851 619 30 93 319 650 846 426 6 14 327 234 520 
54 115 720 431 757 983 627 0 262 546 190 525 991 641 534 717 921 157 472 261 267 844 833 487 387 813 573 877 
150 581 782 871 693 532 484 262 0 934 254 11 663 2 104 887 559 4 361 609 446 259 957 304 37 522 359 514 
471 424 707 723 439 666 408 546 934 0 834 948 329 676 917 227 500 709 360 853 712 349 329 793 253 79 147 14 
965 24 52 446 37 344 747 190 254 834 0 454 753 886 618 282 292 272 558 886 54 956 184 231 728 444 85 271 
522 259 835 684 401 322 983 525 11 948 454 0 876 243 978 323 477 996 618 554 75 687 970 773 404 183 119 931 
123 478 649 858 538 117 887 991 663 329 753 876 0 586 674 663 13 270 804 564 235 321 550 698 729 914 123 583 
478 386 436 159 138 727 310 641 2 676 886 243 586 0 125 142 464 24 711 507 114 658 92 888 510 630 513 859 
512 182 339 643 798 711 626 534 104 917 618 978 674 125 0 11 890 278 463 186 840 928 793 176 323 108 998 167 
811 613 788 304 884 447 851 717 887 227 282 323 663 142 11 0 174 280 579 273 836 732 61 385 761 517 434 762 
343 184 579 812 90 17 619 921 559 500 292 477 13 464 890 174 0 589 281 939 434 328 125 83 698 40 937 980 
411 83 790 551 351 803 30 157 4 709 272 996 270 24 278 280 589 0 268 741 857 380 851 521 810 996 231 113 
230 901 42 475 945 957 93 472 361 360 558 618 804 711 463 579 281 268 0 263 993 127 378 636 733 388 476 45 
35 470 123 684 155 851 319 261 609 853 886 554 564 507 186 273 939 741 263 0 158 317 667 281 396 172 11 217 
587 200 79 105 702 229 650 267 446 712 54 75 235 114 840 836 434 857 993 158 0 479 141 424 55 244 339 845 
10 933 5 547 613 264 846 844 259 349 956 687 321 658 928 732 328 380 127 317 479 0 80 813 618 486 853 241 
823 646 641 899 786 556 426 833 957 329 184 970 550 92 793 61 125 851 378 667 141 80 0 247 406 10 195 745 
526 765 466 968 656 811 6 487 304 793 231 773 698 888 176 385 83 521 636 281 424 813 247 0 884 88 777 434 
314 18 122 45 854 344 14 387 37 253 728 404 729 510 323 761 698 810 733 396 55 618 406 884 0 344 54 844 
255 263 913 363 402 890 327 813 522 79 444 183 914 630 108 517 40 996 388 172 244 486 10 88 344 0 483 791 
364 49 856 115 851 322 234 573 359 147 85 119 123 513 998 434 937 231 476 11 339 853 195 777 54 483 0 452 
253 415 972 498 463 710 520 877 514 14 271 931 583 859 167 762 980 113 45 217 845 241 745 434 844 791 452 0 
1 1 0 1 0 0 1 0 0 1 0 1 0 1 1 0 0 0 0 0 0 0 0 0 1 0 0 0 