11
0 814 48 394 112 509 141 830 575 409 283 
814 0 322 899 56 269 60 839 47 922 59 
48 322 0 740 201 591 104 441 45 284 825 
394 899 740 0 840 551 24 948 335 285 313 
112 56 201 840 0 21 634 410 787 155 671 
509 269 591 551 21 0 186 448 595 608 914 
141 60 104 24 634 186 0 57 136 152 488 
830 839 441 948 410 448 57 0 564 722 690 
575 47 45 335 787 595 136 564 0 968 683 
409 922 284 285 155 608 152 722 968 0 735 
283 59 825 313 671 914 488 690 683 735 0 
1 1 1 1 1 0 0 0 1 1 1 