23
0 463 764 88 771 641 138 967 113 505 358 288 408 392 579 915 201 842 310 228 284 90 829 
463 0 866 894 227 917 110 31 10 847 493 967 557 786 509 214 407 40 524 524 680 812 250 
764 866 0 697 336 394 394 263 741 964 337 318 48 416 959 68 111 883 958 882 934 892 283 
88 894 697 0 898 864 299 539 465 42 455 469 1 822 249 873 25 155 965 575 436 168 120 
771 227 336 898 0 302 331 426 703 572 900 608 495 966 205 581 376 377 884 109 815 112 76 
641 917 394 864 302 0 682 936 943 124 193 857 471 839 456 210 417 379 793 18 690 40 179 
138 110 394 299 331 682 0 347 352 508 673 415 831 361 130 68 990 874 412 799 930 426 604 
967 31 263 539 426 936 347 0 738 602 47 947 276 625 914 490 248 892 829 682 849 836 989 
113 10 741 465 703 943 352 738 0 405 704 464 586 157 763 515 38 401 938 354 895 282 670 
505 847 964 42 572 124 508 602 405 0 459 724 224 822 618 505 127 601 179 353 144 401 987 
358 493 337 455 900 193 673 47 704 459 0 604 288 758 838 551 340 837 586 407 798 108 248 
288 967 318 469 608 857 415 947 464 724 604 0 253 853 162 713 53 616 798 932 7 100 850 
408 557 48 1 495 471 831 276 586 224 288 253 0 677 808 668 379 245 588 950 195 707 596 
392 786 416 822 966 839 361 625 157 822 758 853 677 0 455 844 562 927 362 507 915 822 226 
579 509 959 249 205 456 130 914 763 618 838 162 808 455 0 475 523 352 587 115 330 529 706 
915 214 68 873 581 210 68 490 515 505 551 713 668 844 475 0 510 346 139 930 187 984 848 
201 407 111 25 376 417 990 248 38 127 340 53 379 562 523 510 0 395 611 200 376 79 359 
842 40 883 155 377 379 874 892 401 601 837 616 245 927 352 346 395 0 70 777 420 157 638 
310 524 958 965 884 793 412 829 938 179 586 798 588 362 587 139 611 70 0 145 990 184 160 
228 524 882 575 109 18 799 682 354 353 407 932 950 507 115 930 200 777 145 0 260 962 341 
284 680 934 436 815 690 930 849 895 144 798 7 195 915 330 187 376 420 990 260 0 100 8 
90 812 892 168 112 40 426 836 282 401 108 100 707 822 529 984 79 157 184 962 100 0 344 
829 250 283 120 76 179 604 989 670 987 248 850 596 226 706 848 359 638 160 341 8 344 0 
0 1 0 0 0 1 0 0 0 0 1 1 1 1 0 0 0 0 1 0 1 0 0 