93
0 940 74 529 538 440 498 58 150 937 194 697 693 201 289 257 868 723 930 627 638 614 928 924 636 105 469 987 367 964 383 663 291 370 704 536 165 45 500 29 236 681 217 47 167 971 14 594 777 784 825 19 982 283 132 829 527 31 686 225 378 383 661 800 878 714 969 55 31 272 721 668 523 712 86 679 334 601 999 14 55 447 488 26 271 40 580 965 615 161 24 564 353 
940 0 952 335 139 614 494 857 905 615 386 872 401 507 384 949 217 678 378 49 432 641 275 104 444 868 567 52 108 154 640 579 350 408 122 31 695 945 811 250 361 662 984 303 854 700 131 347 233 445 416 114 461 988 408 747 525 398 872 970 235 414 689 834 885 423 171 518 184 831 345 917 149 180 988 4 858 628 464 210 256 650 659 283 421 65 563 384 972 754 294 395 530 
74 952 0 678 609 667 422 44 206 706 27 750 352 518 449 445 649 609 446 835 972 860 767 71 876 783 334 354 37 870 941 95 497 28 377 248 778 343 171 683 161 644 347 692 668 607 895 998 548 388 856 879 322 8 200 254 667 987 925 858 705 953 42 843 474 213 365 440 652 520 290 519 801 522 971 166 706 625 574 646 592 255 526 334 260 756 941 509 459 403 621 90 18 
529 335 678 0 270 338 689 549 932 285 587 766 244 895 493 716 671 429 196 458 904 23 460 16 764 101 790 610 598 331 912 508 684 555 83 8 349 345 587 370 810 132 35 733 956 50 316 325 562 953 319 494 669 237 778 384 108 425 852 273 418 663 305 896 621 559 382 283 609 33 757 914 111 102 147 243 483 777 461 876 809 479 591 962 33 660 204 588 123 548 141 229 489 
538 139 609 270 0 184 294 535 147 173 50 30 360 822 687 490 740 598 304 66 46 49 169 444 164 646 582 586 2 191 606 849 284 723 294 536 476 94 253 165 335 636 666 14 802 590 127 729 243 222 898 48 253 791 446 934 519 797 378 672 470 183 120 715 707 405 963 330 436 544 321 354 398 892 323 579 25 664 96 596 807 782 340 114 108 882 62 77 910 976 579 102 224 
440 614 667 338 184 0 440 146 61 149 252 816 826 814 642 401 496 691 588 630 645 10 825 876 380 258 288 56 269 1000 156 555 432 511 932 304 336 941 221 349 93 7 127 536 315 447 445 163 818 710 74 711 712 631 310 16 699 64 954 486 592 712 398 227 389 637 117 184 412 187 237 661 342 320 93 823 169 562 966 43 370 88 403 209 858 648 804 331 500 333 194 89 245 
498 494 422 689 294 440 0 416 346 147 162 744 686 368 947 420 652 279 671 765 419 390 836 778 170 243 32 604 331 278 738 716 450 900 59 815 630 335 463 677 692 148 797 429 495 521 136 990 84 666 267 662 577 970 842 103 975 727 514 174 318 590 585 378 842 69 978 898 84 715 564 447 81 830 166 429 107 821 752 134 604 551 647 970 239 306 792 937 254 230 351 854 526 
58 857 44 549 535 146 416 0 333 213 69 27 449 187 614 581 730 942 72 111 559 969 621 784 964 145 984 735 927 657 291 284 162 371 68 829 248 909 844 821 210 10 113 504 917 947 632 350 902 67 287 333 464 736 25 494 160 244 559 454 54 470 866 792 314 337 679 481 45 380 483 771 439 945 727 229 615 845 264 824 764 491 218 252 442 822 798 909 137 558 770 191 457 
150 905 206 932 147 61 346 333 0 587 575 47 555 532 340 938 651 784 248 648 754 564 17 606 952 795 462 637 867 842 381 325 155 413 242 399 136 170 419 830 927 838 942 535 694 871 13 885 860 972 761 428 407 992 980 497 601 42 819 628 778 826 683 962 32 523 796 44 914 745 198 707 521 379 129 946 554 352 49 959 233 619 782 788 161 931 502 214 501 156 569 839 79 
937 615 706 285 173 149 147 213 587 0 227 421 527 264 991 41 621 746 524 690 611 561 698 940 172 976 46 194 750 96 232 212 110 299 662 364 522 859 39 584 512 367 909 286 337 811 488 698 615 420 327 369 785 634 608 819 311 814 107 579 802 540 143 94 477 616 43 232 642 143 917 380 97 255 812 354 661 397 510 631 210 240 552 599 925 594 250 851 662 940 763 730 612 
194 386 27 587 50 252 162 69 575 227 0 422 515 609 679 426 511 668 244 90 347 111 245 372 954 97 724 513 384 841 296 27 174 634 178 561 95 762 725 241 323 560 627 367 336 81 204 556 82 120 456 703 213 574 808 363 435 373 700 414 263 472 464 117 748 619 148 918 941 917 208 618 173 377 253 761 425 974 246 349 348 930 854 248 728 204 843 887 427 435 719 122 129 
697 872 750 766 30 816 744 27 47 421 422 0 808 12 361 406 592 889 315 915 324 18 989 777 875 843 760 427 891 704 666 482 328 471 259 430 80 612 620 185 923 864 423 792 274 936 126 858 478 910 670 471 629 268 288 678 142 708 283 816 579 176 882 231 438 792 534 190 918 578 254 40 870 170 871 890 435 938 295 393 95 171 163 390 120 272 465 496 655 108 15 895 922 
693 401 352 244 360 826 686 449 555 527 515 808 0 966 885 924 271 754 138 204 76 406 495 401 698 626 782 889 998 423 266 877 151 88 242 786 727 547 483 929 283 261 409 794 946 79 83 467 730 748 400 997 555 966 66 757 221 173 242 84 808 498 953 755 244 527 618 95 18 816 323 754 283 333 679 471 820 226 398 342 610 619 917 420 992 331 705 672 642 707 100 596 853 
201 507 518 895 822 814 368 187 532 264 609 12 966 0 976 786 50 863 810 272 85 204 3 980 827 305 446 809 712 849 818 267 613 594 663 549 657 669 776 166 792 556 75 971 377 260 369 710 362 388 709 446 851 134 233 468 80 390 675 547 133 483 972 642 918 259 632 424 215 506 781 218 837 949 78 235 204 298 894 185 872 90 453 650 817 299 839 812 525 967 48 406 176 
289 384 449 493 687 642 947 614 340 991 679 361 885 976 0 309 506 993 477 69 727 933 932 65 28 647 609 197 471 39 686 377 473 189 335 129 722 660 733 833 354 56 249 857 545 665 112 59 942 303 85 381 608 735 973 547 401 252 985 65 962 296 257 45 728 212 88 557 647 516 679 506 514 258 422 273 100 369 39 600 505 73 117 442 381 753 833 796 989 851 922 711 210 
257 949 445 716 490 401 420 581 938 41 426 406 924 786 309 0 681 179 994 987 264 43 317 817 525 63 732 259 493 288 818 601 328 886 944 122 318 525 390 612 177 331 293 83 274 454 683 830 640 545 53 278 866 693 240 269 260 620 564 732 849 171 483 888 119 406 243 426 570 840 252 316 463 620 165 178 371 695 918 388 380 273 195 334 59 107 52 497 557 415 697 279 433 
868 217 649 671 740 496 652 730 651 621 511 592 271 50 506 681 0 473 653 753 83 185 788 750 874 171 948 961 329 175 174 971 3 834 747 404 876 111 532 592 397 933 365 446 520 839 465 450 364 673 101 944 328 632 11 133 793 205 286 470 763 804 726 363 50 141 889 351 869 634 317 190 949 397 685 516 519 612 844 996 781 330 994 160 726 989 486 314 406 206 968 219 17 
723 678 609 429 598 691 279 942 784 746 668 889 754 863 993 179 473 0 640 867 459 406 963 453 655 864 246 942 971 302 302 407 558 188 783 450 874 835 80 886 54 917 321 927 737 306 18 583 36 607 146 284 564 981 725 940 696 132 180 943 480 557 32 817 876 427 727 539 241 694 636 724 231 303 526 187 550 602 61 613 203 317 111 302 190 700 930 243 806 710 494 993 965 
930 378 446 196 304 588 671 72 248 524 244 315 138 810 477 994 653 640 0 332 546 92 230 402 150 10 459 541 792 844 251 55 328 263 602 919 337 431 453 196 656 891 49 506 160 644 270 401 77 908 378 758 383 299 831 545 84 400 94 576 417 974 625 109 278 288 446 398 421 298 976 558 226 658 58 355 74 814 327 774 645 645 374 484 660 396 343 552 890 887 913 12 461 
627 49 835 458 66 630 765 111 648 690 90 915 204 272 69 987 753 867 332 0 231 820 165 756 541 338 694 470 367 412 983 596 852 336 219 410 817 169 161 742 298 309 675 71 230 883 387 256 291 887 82 950 125 252 690 972 436 239 980 217 684 856 316 868 362 206 86 984 108 941 663 742 107 246 9 888 543 22 278 200 72 191 30 988 555 294 917 962 533 809 943 975 181 
638 432 972 904 46 645 419 559 754 611 347 324 76 85 727 264 83 459 546 231 0 854 669 475 719 193 961 690 531 741 145 844 448 949 682 964 962 785 719 66 330 201 118 760 811 270 842 589 530 416 786 632 684 406 419 175 94 28 863 499 321 619 237 77 840 883 405 727 10 648 469 528 806 499 623 526 573 458 231 548 264 127 227 658 909 968 208 56 298 641 827 462 104 
614 641 860 23 49 10 390 969 564 561 111 18 406 204 933 43 185 406 92 820 854 0 581 336 297 942 220 404 184 96 540 554 587 882 867 839 625 912 89 612 358 715 715 501 99 462 444 944 532 783 167 903 708 896 583 604 191 554 834 422 921 522 846 265 572 580 293 73 474 291 347 280 370 4 655 357 579 841 195 800 348 641 946 158 441 105 536 968 271 616 300 715 100 
928 275 767 460 169 825 836 621 17 698 245 989 495 3 932 317 788 963 230 165 669 581 0 480 402 159 142 563 966 651 570 561 368 295 759 390 124 62 300 432 33 217 574 606 518 673 949 528 304 122 877 209 898 57 465 54 496 56 282 135 279 910 485 965 243 483 531 276 3 395 43 513 225 899 612 53 627 547 591 354 704 524 180 554 612 738 333 217 872 46 305 240 828 
924 104 71 16 444 876 778 784 606 940 372 777 401 980 65 817 750 453 402 756 475 336 480 0 208 872 139 16 436 521 203 878 655 168 255 490 816 188 994 222 892 811 162 505 399 177 14 126 561 604 833 725 482 855 463 413 914 460 104 682 512 388 853 36 653 610 715 1000 206 359 86 454 838 126 921 431 737 693 92 831 848 753 657 704 982 900 29 36 416 57 278 192 833 
636 444 876 764 164 380 170 964 952 172 954 875 698 827 28 525 874 655 150 541 719 297 402 208 0 623 50 466 718 885 845 380 569 509 624 676 527 133 991 157 294 383 430 817 433 834 334 912 431 739 805 902 115 550 464 448 287 543 757 864 692 86 485 709 673 350 545 444 122 509 124 313 591 727 814 881 668 479 401 902 980 998 297 420 430 902 860 306 530 295 79 626 936 
105 868 783 101 646 258 243 145 795 976 97 843 626 305 647 63 171 864 10 338 193 942 159 872 623 0 885 366 519 552 923 426 520 797 5 460 481 915 36 167 522 420 899 283 683 44 632 652 201 794 157 51 575 980 852 261 851 324 530 110 793 503 595 484 867 743 454 533 197 319 448 555 939 73 882 298 717 305 924 658 61 655 434 16 17 823 17 688 343 247 849 229 971 
469 567 334 790 582 288 32 984 462 46 724 760 782 446 609 732 948 246 459 694 961 220 142 139 50 885 0 92 65 577 650 168 764 264 950 621 929 184 39 523 795 654 917 710 484 745 16 480 931 123 347 11 419 887 608 610 248 128 943 148 356 205 240 293 925 967 180 405 274 401 428 186 583 450 652 472 251 981 290 748 927 130 233 260 518 524 856 836 711 99 53 767 821 
987 52 354 610 586 56 604 735 637 194 513 427 889 809 197 259 961 942 541 470 690 404 563 16 466 366 92 0 507 209 358 1 346 284 20 104 692 419 990 767 674 742 69 491 75 304 955 776 186 297 51 599 407 999 862 799 328 98 310 142 264 332 616 136 496 609 581 870 685 24 382 450 207 462 246 801 380 688 612 910 832 114 634 777 485 652 140 652 889 329 403 328 895 
367 108 37 598 2 269 331 927 867 750 384 891 998 712 471 493 329 971 792 367 531 184 966 436 718 519 65 507 0 590 336 553 901 456 970 852 150 961 321 310 819 537 11 103 885 271 247 840 997 212 22 995 845 135 641 989 748 449 940 716 463 163 804 551 438 80 833 156 994 651 285 605 170 147 641 649 222 86 403 157 4 70 993 24 717 468 847 106 761 615 79 971 669 
964 154 870 331 191 1000 278 657 842 96 841 704 423 849 39 288 175 302 844 412 741 96 651 521 885 552 577 209 590 0 437 319 510 374 688 580 716 268 216 264 169 813 927 675 18 664 372 639 527 564 123 93 463 472 378 758 878 675 437 242 86 856 1000 199 884 364 440 392 297 162 483 768 416 189 963 921 117 123 566 528 696 778 759 632 739 620 292 891 756 128 977 120 385 
383 640 941 912 606 156 738 291 381 232 296 666 266 818 686 818 174 302 251 983 145 540 570 203 845 923 650 358 336 437 0 8 643 776 210 458 450 209 488 7 983 819 339 632 793 451 183 154 313 659 488 142 317 687 107 811 341 276 771 648 752 668 515 747 361 395 99 93 785 742 710 275 947 956 506 365 411 602 779 950 459 639 803 537 90 98 651 838 361 460 533 654 730 
663 579 95 508 849 555 716 284 325 212 27 482 877 267 377 601 971 407 55 596 844 554 561 878 380 426 168 1 553 319 8 0 105 456 340 352 422 242 98 465 464 210 577 312 234 65 503 261 978 798 346 52 89 623 238 326 473 281 634 887 506 228 455 334 918 513 690 17 235 409 693 463 616 63 666 716 223 743 49 244 449 458 819 344 644 4 911 224 185 739 272 161 991 
291 350 497 684 284 432 450 162 155 110 174 328 151 613 473 328 3 558 328 852 448 587 368 655 569 520 764 346 901 510 643 105 0 621 252 439 860 321 344 958 227 445 489 705 204 173 436 502 9 843 900 710 147 309 482 793 958 84 611 936 373 591 965 127 9 55 135 374 947 841 488 984 810 278 485 69 999 272 921 716 193 248 841 465 474 227 95 55 697 76 783 568 940 
370 408 28 555 723 511 900 371 413 299 634 471 88 594 189 886 834 188 263 336 949 882 295 168 509 797 264 284 456 374 776 456 621 0 233 67 431 169 451 85 920 462 364 950 104 409 909 74 390 538 919 296 105 892 417 549 767 96 416 53 992 547 273 265 179 557 890 74 424 597 310 974 313 955 509 196 532 464 420 37 452 123 504 876 120 739 390 592 328 945 409 395 671 
704 122 377 83 294 932 59 68 242 662 178 259 242 663 335 944 747 783 602 219 682 867 759 255 624 5 950 20 970 688 210 340 252 233 0 204 45 284 782 659 613 622 158 932 708 565 239 239 222 335 683 434 971 548 993 824 242 116 918 882 783 426 311 216 67 800 357 385 841 459 342 447 282 486 390 331 301 512 840 395 778 116 179 790 800 170 706 472 177 614 355 986 791 
536 31 248 8 536 304 815 829 399 364 561 430 786 549 129 122 404 450 919 410 964 839 390 490 676 460 621 104 852 580 458 352 439 67 204 0 402 335 374 579 586 523 820 187 797 776 888 607 583 579 465 322 357 710 768 780 928 840 21 222 856 236 669 182 107 993 230 186 757 469 146 460 714 843 254 689 698 956 714 124 971 887 523 585 536 896 969 159 803 694 631 630 951 
165 695 778 349 476 336 630 248 136 522 95 80 727 657 722 318 876 874 337 817 962 625 124 816 527 481 929 692 150 716 450 422 860 431 45 402 0 180 780 957 472 95 308 320 622 239 527 558 783 193 450 29 953 708 422 196 849 181 206 478 373 899 876 174 409 968 138 498 191 89 934 32 727 628 433 121 16 620 776 44 36 655 184 969 741 808 278 18 554 28 734 970 84 
45 945 343 345 94 941 335 909 170 859 762 612 547 669 660 525 111 835 431 169 785 912 62 188 133 915 184 419 961 268 209 242 321 169 284 335 180 0 672 630 412 60 95 78 376 701 469 28 762 33 264 329 97 852 43 419 420 353 512 249 347 634 988 308 609 566 701 841 607 776 622 640 789 706 709 2 891 998 776 725 333 688 375 240 332 930 391 245 515 258 251 454 82 
500 811 171 587 253 221 463 844 419 39 725 620 483 776 733 390 532 80 453 161 719 89 300 994 991 36 39 990 321 216 488 98 344 451 782 374 780 672 0 593 931 310 819 505 175 777 514 445 608 579 549 940 650 476 750 989 421 452 758 133 37 923 492 943 1000 313 488 912 561 623 168 971 274 842 326 132 128 307 392 979 944 387 263 997 959 81 737 972 767 402 878 949 32 
29 250 683 370 165 349 677 821 830 584 241 185 929 166 833 612 592 886 196 742 66 612 432 222 157 167 523 767 310 264 7 465 958 85 659 579 957 630 593 0 651 816 474 659 944 824 120 335 596 679 512 608 231 633 348 941 712 524 156 395 268 830 749 880 416 716 635 131 534 362 857 840 214 125 996 612 725 336 326 670 227 767 348 477 568 75 195 698 789 766 646 180 694 
236 361 161 810 335 93 692 210 927 512 323 923 283 792 354 177 397 54 656 298 330 358 33 892 294 522 795 674 819 169 983 464 227 920 613 586 472 412 931 651 0 479 711 860 93 627 56 784 573 708 719 649 915 817 874 554 511 167 615 865 389 662 3 375 712 813 856 187 851 557 6 972 401 766 39 551 742 489 707 947 8 242 539 347 575 867 362 634 419 787 712 422 967 
681 662 644 132 636 7 148 10 838 367 560 864 261 556 56 331 933 917 891 309 201 715 217 811 383 420 654 742 537 813 819 210 445 462 622 523 95 60 310 816 479 0 671 394 754 284 837 652 898 725 912 689 896 389 575 527 806 6 399 446 798 96 116 460 527 530 830 605 453 836 994 983 46 863 182 826 16 674 964 49 26 755 423 33 530 928 118 614 683 546 533 524 466 
217 984 347 35 666 127 797 113 942 909 627 423 409 75 249 293 365 321 49 675 118 715 574 162 430 899 917 69 11 927 339 577 489 364 158 820 308 95 819 474 711 671 0 857 314 766 483 632 838 640 67 411 914 434 646 997 658 994 516 35 840 651 466 801 261 271 907 549 935 374 441 37 142 584 33 79 644 881 214 247 601 393 984 59 2 715 334 300 641 985 564 287 940 
47 303 692 733 14 536 429 504 535 286 367 792 794 971 857 83 446 927 506 71 760 501 606 505 817 283 710 491 103 675 632 312 705 950 932 187 320 78 505 659 860 394 857 0 202 820 236 177 525 511 52 896 527 544 171 560 658 534 315 745 371 422 257 408 681 165 964 41 111 424 722 752 277 422 117 565 589 390 953 497 806 279 500 196 431 657 654 195 167 958 882 83 941 
167 854 668 956 802 315 495 917 694 337 336 274 946 377 545 274 520 737 160 230 811 99 518 399 433 683 484 75 885 18 793 234 204 104 708 797 622 376 175 944 93 754 314 202 0 511 62 124 213 25 570 140 552 435 228 689 738 305 974 846 836 182 356 128 19 603 225 361 83 652 209 536 925 247 865 953 439 590 576 196 586 431 593 740 608 88 799 230 626 380 75 741 113 
971 700 607 50 590 447 521 947 871 811 81 936 79 260 665 454 839 306 644 883 270 462 673 177 834 44 745 304 271 664 451 65 173 409 565 776 239 701 777 824 627 284 766 820 511 0 906 368 553 957 327 821 243 125 600 575 147 137 296 112 476 852 468 227 645 291 704 9 606 487 306 430 229 591 771 404 37 725 973 427 833 305 748 149 23 836 776 505 673 397 953 240 604 
14 131 895 316 127 445 136 632 13 488 204 126 83 369 112 683 465 18 270 387 842 444 949 14 334 632 16 955 247 372 183 503 436 909 239 888 527 469 514 120 56 837 483 236 62 906 0 307 661 961 73 706 617 63 835 41 217 132 619 673 551 707 347 121 501 484 610 637 617 337 212 136 661 768 836 690 19 628 114 72 385 240 659 103 398 264 848 760 152 933 411 303 747 
594 347 998 325 729 163 990 350 885 698 556 858 467 710 59 830 450 583 401 256 589 944 528 126 912 652 480 776 840 639 154 261 502 74 239 607 558 28 445 335 784 652 632 177 124 368 307 0 498 116 889 307 8 100 419 137 777 645 588 936 150 436 392 248 424 615 558 560 38 160 642 726 388 398 776 644 877 695 300 342 57 613 760 914 985 101 8 964 127 488 393 485 450 
777 233 548 562 243 818 84 902 860 615 82 478 730 362 942 640 364 36 77 291 530 532 304 561 431 201 931 186 997 527 313 978 9 390 222 583 783 762 608 596 573 898 838 525 213 553 661 498 0 351 270 348 538 540 313 810 849 911 374 736 476 565 862 430 20 637 878 268 428 939 603 546 913 987 651 208 310 236 394 398 487 539 480 979 650 154 27 462 680 826 243 12 834 
784 445 388 953 222 710 666 67 972 420 120 910 748 388 303 545 673 607 908 887 416 783 122 604 739 794 123 297 212 564 659 798 843 538 335 579 193 33 579 679 708 725 640 511 25 957 961 116 351 0 755 430 449 438 484 639 414 422 19 428 131 808 710 485 433 517 708 74 966 90 32 570 755 201 546 533 545 54 396 80 595 34 704 534 845 220 559 575 618 615 609 388 301 
825 416 856 319 898 74 267 287 761 327 456 670 400 709 85 53 101 146 378 82 786 167 877 833 805 157 347 51 22 123 488 346 900 919 683 465 450 264 549 512 719 912 67 52 570 327 73 889 270 755 0 202 801 538 654 202 56 557 683 108 945 479 242 401 636 800 791 10 691 610 978 914 476 869 963 472 263 71 675 347 293 773 390 141 368 729 340 85 758 608 246 405 467 
19 114 879 494 48 711 662 333 428 369 703 471 997 446 381 278 944 284 758 950 632 903 209 725 902 51 11 599 995 93 142 52 710 296 434 322 29 329 940 608 649 689 411 896 140 821 706 307 348 430 202 0 536 961 225 173 942 638 104 359 446 105 578 464 768 354 314 77 900 330 728 482 16 435 188 99 868 414 153 618 632 557 858 868 460 384 412 731 212 223 404 626 94 
982 461 322 669 253 712 577 464 407 785 213 629 555 851 608 866 328 564 383 125 684 708 898 482 115 575 419 407 845 463 317 89 147 105 971 357 953 97 650 231 915 896 914 527 552 243 617 8 538 449 801 536 0 375 395 387 208 768 883 559 228 284 629 416 691 177 420 259 655 250 657 772 674 720 362 495 362 938 468 713 2 390 498 295 948 641 998 293 805 162 332 344 609 
283 988 8 237 791 631 970 736 992 634 574 268 966 134 735 693 632 981 299 252 406 896 57 855 550 980 887 999 135 472 687 623 309 892 548 710 708 852 476 633 817 389 434 544 435 125 63 100 540 438 538 961 375 0 189 689 162 511 60 431 690 680 678 116 681 421 41 828 773 742 2 665 353 846 683 485 750 296 208 289 560 815 694 827 146 992 652 313 616 331 231 331 815 
132 408 200 778 446 310 842 25 980 608 808 288 66 233 973 240 11 725 831 690 419 583 465 463 464 852 608 862 641 378 107 238 482 417 993 768 422 43 750 348 874 575 646 171 228 600 835 419 313 484 654 225 395 189 0 424 979 311 137 200 31 181 205 491 909 39 709 421 350 984 950 312 833 433 890 136 726 553 759 711 230 670 503 145 540 744 631 261 888 293 257 978 402 
829 747 254 384 934 16 103 494 497 819 363 678 757 468 547 269 133 940 545 972 175 604 54 413 448 261 610 799 989 758 811 326 793 549 824 780 196 419 989 941 554 527 997 560 689 575 41 137 810 639 202 173 387 689 424 0 361 373 893 943 394 671 540 344 127 434 65 728 862 318 306 822 709 53 494 436 695 374 89 539 810 718 451 592 375 488 365 72 327 936 620 344 296 
527 525 667 108 519 699 975 160 601 311 435 142 221 80 401 260 793 696 84 436 94 191 496 914 287 851 248 328 748 878 341 473 958 767 242 928 849 420 421 712 511 806 658 658 738 147 217 777 849 414 56 942 208 162 979 361 0 953 159 319 563 318 513 558 272 203 503 751 509 976 461 736 90 610 440 485 187 230 150 733 137 605 608 160 51 632 734 303 81 101 376 632 455 
31 398 987 425 797 64 727 244 42 814 373 708 173 390 252 620 205 132 400 239 28 554 56 460 543 324 128 98 449 675 276 281 84 96 116 840 181 353 452 524 167 6 994 534 305 137 132 645 911 422 557 638 768 511 311 373 953 0 298 504 440 628 234 546 484 184 555 118 547 322 419 613 337 45 901 399 405 424 711 597 987 520 276 690 965 848 486 428 345 482 645 777 945 
686 872 925 852 378 954 514 559 819 107 700 283 242 675 985 564 286 180 94 980 863 834 282 104 757 530 943 310 940 437 771 634 611 416 918 21 206 512 758 156 615 399 516 315 974 296 619 588 374 19 683 104 883 60 137 893 159 298 0 157 429 896 195 980 895 366 241 622 837 168 758 73 44 134 155 349 237 863 81 739 763 333 429 462 310 691 222 841 211 961 96 352 132 
225 970 858 273 672 486 174 454 628 579 414 816 84 547 65 732 470 943 576 217 499 422 135 682 864 110 148 142 716 242 648 887 936 53 882 222 478 249 133 395 865 446 35 745 846 112 673 936 736 428 108 359 559 431 200 943 319 504 157 0 652 260 158 178 494 143 988 730 801 114 472 547 180 983 287 943 577 170 726 65 898 744 553 601 685 730 242 426 579 370 975 17 556 
378 235 705 418 470 592 318 54 778 802 263 579 808 133 962 849 763 480 417 684 321 921 279 512 692 793 356 264 463 86 752 506 373 992 783 856 373 347 37 268 389 798 840 371 836 476 551 150 476 131 945 446 228 690 31 394 563 440 429 652 0 262 996 667 183 530 184 790 352 473 962 880 252 343 881 914 549 186 518 232 11 917 518 215 69 39 911 295 39 698 49 86 990 
383 414 953 663 183 712 590 470 826 540 472 176 498 483 296 171 804 557 974 856 619 522 910 388 86 503 205 332 163 856 668 228 591 547 426 236 899 634 923 830 662 96 651 422 182 852 707 436 565 808 479 105 284 680 181 671 318 628 896 260 262 0 983 786 700 505 633 740 537 800 606 777 89 957 141 40 567 231 264 165 391 687 903 519 839 643 22 591 405 644 463 867 666 
661 689 42 305 120 398 585 866 683 143 464 882 953 972 257 483 726 32 625 316 237 846 485 853 485 595 240 616 804 1000 515 455 965 273 311 669 876 988 492 749 3 116 466 257 356 468 347 392 862 710 242 578 629 678 205 540 513 234 195 158 996 983 0 976 409 836 694 920 637 950 321 265 990 666 798 792 737 937 646 717 743 732 751 335 614 484 984 346 256 538 919 587 501 
800 834 843 896 715 227 378 792 962 94 117 231 755 642 45 888 363 817 109 868 77 265 965 36 709 484 293 136 551 199 747 334 127 265 216 182 174 308 943 880 375 460 801 408 128 227 121 248 430 485 401 464 416 116 491 344 558 546 980 178 667 786 976 0 984 417 176 731 472 146 281 677 874 319 8 801 896 209 145 945 11 222 740 163 302 594 752 913 106 992 259 22 527 
878 885 474 621 707 389 842 314 32 477 748 438 244 918 728 119 50 876 278 362 840 572 243 653 673 867 925 496 438 884 361 918 9 179 67 107 409 609 1000 416 712 527 261 681 19 645 501 424 20 433 636 768 691 681 909 127 272 484 895 494 183 700 409 984 0 579 950 101 223 324 895 342 33 628 832 845 339 536 429 922 248 103 292 29 967 694 673 270 973 284 127 618 843 
714 423 213 559 405 637 69 337 523 616 619 792 527 259 212 406 141 427 288 206 883 580 483 610 350 743 967 609 80 364 395 513 55 557 800 993 968 566 313 716 813 530 271 165 603 291 484 615 637 517 800 354 177 421 39 434 203 184 366 143 530 505 836 417 579 0 33 605 300 846 703 706 6 671 700 77 838 873 792 206 184 936 806 71 936 18 839 404 710 776 791 531 11 
969 171 365 382 963 117 978 679 796 43 148 534 618 632 88 243 889 727 446 86 405 293 531 715 545 454 180 581 833 440 99 690 135 890 357 230 138 701 488 635 856 830 907 964 225 704 610 558 878 708 791 314 420 41 709 65 503 555 241 988 184 633 694 176 950 33 0 857 261 38 497 920 103 746 778 301 191 720 412 681 188 307 17 365 369 427 690 22 790 617 132 18 354 
55 518 440 283 330 184 898 481 44 232 918 190 95 424 557 426 351 539 398 984 727 73 276 1000 444 533 405 870 156 392 93 17 374 74 385 186 498 841 912 131 187 605 549 41 361 9 637 560 268 74 10 77 259 828 421 728 751 118 622 730 790 740 920 731 101 605 857 0 540 159 674 569 969 536 84 45 454 274 327 29 183 845 210 518 747 967 874 758 809 883 894 166 911 
31 184 652 609 436 412 84 45 914 642 941 918 18 215 647 570 869 241 421 108 10 474 3 206 122 197 274 685 994 297 785 235 947 424 841 757 191 607 561 534 851 453 935 111 83 606 617 38 428 966 691 900 655 773 350 862 509 547 837 801 352 537 637 472 223 300 261 540 0 313 721 977 889 499 576 162 650 2 164 411 283 200 797 233 737 625 821 464 561 592 410 738 431 
272 831 520 33 544 187 715 380 745 143 917 578 816 506 516 840 634 694 298 941 648 291 395 359 509 319 401 24 651 162 742 409 841 597 459 469 89 776 623 362 557 836 374 424 652 487 337 160 939 90 610 330 250 742 984 318 976 322 168 114 473 800 950 146 324 846 38 159 313 0 773 133 707 450 640 863 69 462 956 920 686 850 731 537 358 574 317 11 31 410 559 158 499 
721 345 290 757 321 237 564 483 198 917 208 254 323 781 679 252 317 636 976 663 469 347 43 86 124 448 428 382 285 483 710 693 488 310 342 146 934 622 168 857 6 994 441 722 209 306 212 642 603 32 978 728 657 2 950 306 461 419 758 472 962 606 321 281 895 703 497 674 721 773 0 637 179 922 890 664 815 253 483 309 386 608 663 737 698 689 43 277 474 275 62 606 226 
668 917 519 914 354 661 447 771 707 380 618 40 754 218 506 316 190 724 558 742 528 280 513 454 313 555 186 450 605 768 275 463 984 974 447 460 32 640 971 840 972 983 37 752 536 430 136 726 546 570 914 482 772 665 312 822 736 613 73 547 880 777 265 677 342 706 920 569 977 133 637 0 260 612 45 636 250 468 925 374 340 597 295 519 917 616 416 13 605 964 808 814 716 
523 149 801 111 398 342 81 439 521 97 173 870 283 837 514 463 949 231 226 107 806 370 225 838 591 939 583 207 170 416 947 616 810 313 282 714 727 789 274 214 401 46 142 277 925 229 661 388 913 755 476 16 674 353 833 709 90 337 44 180 252 89 990 874 33 6 103 969 889 707 179 260 0 580 818 667 807 129 943 676 205 79 402 83 619 173 683 944 179 92 48 608 537 
712 180 522 102 892 320 830 945 379 255 377 170 333 949 258 620 397 303 658 246 499 4 899 126 727 73 450 462 147 189 956 63 278 955 486 843 628 706 842 125 766 863 584 422 247 591 768 398 987 201 869 435 720 846 433 53 610 45 134 983 343 957 666 319 628 671 746 536 499 450 922 612 580 0 359 244 180 859 781 883 386 849 969 245 517 139 740 479 364 665 449 437 325 
86 988 971 147 323 93 166 727 129 812 253 871 679 78 422 165 685 526 58 9 623 655 612 921 814 882 652 246 641 963 506 666 485 509 390 254 433 709 326 996 39 182 33 117 865 771 836 776 651 546 963 188 362 683 890 494 440 901 155 287 881 141 798 8 832 700 778 84 576 640 890 45 818 359 0 895 540 623 105 4 869 1 678 363 597 637 427 954 693 407 651 566 351 
679 4 166 243 579 823 429 229 946 354 761 890 471 235 273 178 516 187 355 888 526 357 53 431 881 298 472 801 649 921 365 716 69 196 331 689 121 2 132 612 551 826 79 565 953 404 690 644 208 533 472 99 495 485 136 436 485 399 349 943 914 40 792 801 845 77 301 45 162 863 664 636 667 244 895 0 270 840 884 865 827 411 822 755 150 805 728 201 127 135 297 75 795 
334 858 706 483 25 169 107 615 554 661 425 435 820 204 100 371 519 550 74 543 573 579 627 737 668 717 251 380 222 117 411 223 999 532 301 698 16 891 128 725 742 16 644 589 439 37 19 877 310 545 263 868 362 750 726 695 187 405 237 577 549 567 737 896 339 838 191 454 650 69 815 250 807 180 540 270 0 799 323 107 403 730 631 11 189 202 814 589 96 374 623 121 925 
601 628 625 777 664 562 821 845 352 397 974 938 226 298 369 695 612 602 814 22 458 841 547 693 479 305 981 688 86 123 602 743 272 464 512 956 620 998 307 336 489 674 881 390 590 725 628 695 236 54 71 414 938 296 553 374 230 424 863 170 186 231 937 209 536 873 720 274 2 462 253 468 129 859 623 840 799 0 983 123 596 654 863 980 562 900 211 476 662 772 775 127 141 
999 464 574 461 96 966 752 264 49 510 246 295 398 894 39 918 844 61 327 278 231 195 591 92 401 924 290 612 403 566 779 49 921 420 840 714 776 776 392 326 707 964 214 953 576 973 114 300 394 396 675 153 468 208 759 89 150 711 81 726 518 264 646 145 429 792 412 327 164 956 483 925 943 781 105 884 323 983 0 585 374 996 868 183 443 79 685 845 503 355 110 15 743 
14 210 646 876 596 43 134 824 959 631 349 393 342 185 600 388 996 613 774 200 548 800 354 831 902 658 748 910 157 528 950 244 716 37 395 124 44 725 979 670 947 49 247 497 196 427 72 342 398 80 347 618 713 289 711 539 733 597 739 65 232 165 717 945 922 206 681 29 411 920 309 374 676 883 4 865 107 123 585 0 378 712 334 124 496 685 714 693 90 429 439 8 406 
55 256 592 809 807 370 604 764 233 210 348 95 610 872 505 380 781 203 645 72 264 348 704 848 980 61 927 832 4 696 459 449 193 452 778 971 36 333 944 227 8 26 601 806 586 833 385 57 487 595 293 632 2 560 230 810 137 987 763 898 11 391 743 11 248 184 188 183 283 686 386 340 205 386 869 827 403 596 374 378 0 187 521 866 867 26 801 742 961 716 524 615 68 
447 650 255 479 782 88 551 491 619 240 930 171 619 90 73 273 330 317 645 191 127 641 524 753 998 655 130 114 70 778 639 458 248 123 116 887 655 688 387 767 242 755 393 279 431 305 240 613 539 34 773 557 390 815 670 718 605 520 333 744 917 687 732 222 103 936 307 845 200 850 608 597 79 849 1 411 730 654 996 712 187 0 300 385 108 832 402 260 107 946 576 125 279 
488 659 526 591 340 403 647 218 782 552 854 163 917 453 117 195 994 111 374 30 227 946 180 657 297 434 233 634 993 759 803 819 841 504 179 523 184 375 263 348 539 423 984 500 593 748 659 760 480 704 390 858 498 694 503 451 608 276 429 553 518 903 751 740 292 806 17 210 797 731 663 295 402 969 678 822 631 863 868 334 521 300 0 448 233 887 176 896 951 117 822 28 208 
26 283 334 962 114 209 970 252 788 599 248 390 420 650 442 334 160 302 484 988 658 158 554 704 420 16 260 777 24 632 537 344 465 876 790 585 969 240 997 477 347 33 59 196 740 149 103 914 979 534 141 868 295 827 145 592 160 690 462 601 215 519 335 163 29 71 365 518 233 537 737 519 83 245 363 755 11 980 183 124 866 385 448 0 914 984 765 844 390 519 671 791 503 
271 421 260 33 108 858 239 442 161 925 728 120 992 817 381 59 726 190 660 555 909 441 612 982 430 17 518 485 717 739 90 644 474 120 800 536 741 332 959 568 575 530 2 431 608 23 398 985 650 845 368 460 948 146 540 375 51 965 310 685 69 839 614 302 967 936 369 747 737 358 698 917 619 517 597 150 189 562 443 496 867 108 233 914 0 496 225 866 230 995 513 686 316 
40 65 756 660 882 648 306 822 931 594 204 272 331 299 753 107 989 700 396 294 968 105 738 900 902 823 524 652 468 620 98 4 227 739 170 896 808 930 81 75 867 928 715 657 88 836 264 101 154 220 729 384 641 992 744 488 632 848 691 730 39 643 484 594 694 18 427 967 625 574 689 616 173 139 637 805 202 900 79 685 26 832 887 984 496 0 766 209 991 66 164 940 920 
580 563 941 204 62 804 792 798 502 250 843 465 705 839 833 52 486 930 343 917 208 536 333 29 860 17 856 140 847 292 651 911 95 390 706 969 278 391 737 195 362 118 334 654 799 776 848 8 27 559 340 412 998 652 631 365 734 486 222 242 911 22 984 752 673 839 690 874 821 317 43 416 683 740 427 728 814 211 685 714 801 402 176 765 225 766 0 943 38 409 51 925 484 
965 384 509 588 77 331 937 909 214 851 887 496 672 812 796 497 314 243 552 962 56 968 217 36 306 688 836 652 106 891 838 224 55 592 472 159 18 245 972 698 634 614 300 195 230 505 760 964 462 575 85 731 293 313 261 72 303 428 841 426 295 591 346 913 270 404 22 758 464 11 277 13 944 479 954 201 589 476 845 693 742 260 896 844 866 209 943 0 870 237 882 655 835 
615 972 459 123 910 500 254 137 501 662 427 655 642 525 989 557 406 806 890 533 298 271 872 416 530 343 711 889 761 756 361 185 697 328 177 803 554 515 767 789 419 683 641 167 626 673 152 127 680 618 758 212 805 616 888 327 81 345 211 579 39 405 256 106 973 710 790 809 561 31 474 605 179 364 693 127 96 662 503 90 961 107 951 390 230 991 38 870 0 539 442 24 95 
161 754 403 548 976 333 230 558 156 940 435 108 707 967 851 415 206 710 887 809 641 616 46 57 295 247 99 329 615 128 460 739 76 945 614 694 28 258 402 766 787 546 985 958 380 397 933 488 826 615 608 223 162 331 293 936 101 482 961 370 698 644 538 992 284 776 617 883 592 410 275 964 92 665 407 135 374 772 355 429 716 946 117 519 995 66 409 237 539 0 810 84 790 
24 294 621 141 579 194 351 770 569 763 719 15 100 48 922 697 968 494 913 943 827 300 305 278 79 849 53 403 79 977 533 272 783 409 355 631 734 251 878 646 712 533 564 882 75 953 411 393 243 609 246 404 332 231 257 620 376 645 96 975 49 463 919 259 127 791 132 894 410 559 62 808 48 449 651 297 623 775 110 439 524 576 822 671 513 164 51 882 442 810 0 443 720 
564 395 90 229 102 89 854 191 839 730 122 895 596 406 711 279 219 993 12 975 462 715 240 192 626 229 767 328 971 120 654 161 568 395 986 630 970 454 949 180 422 524 287 83 741 240 303 485 12 388 405 626 344 331 978 344 632 777 352 17 86 867 587 22 618 531 18 166 738 158 606 814 608 437 566 75 121 127 15 8 615 125 28 791 686 940 925 655 24 84 443 0 441 
353 530 18 489 224 245 526 457 79 612 129 922 853 176 210 433 17 965 461 181 104 100 828 833 936 971 821 895 669 385 730 991 940 671 791 951 84 82 32 694 967 466 940 941 113 604 747 450 834 301 467 94 609 815 402 296 455 945 132 556 990 666 501 527 843 11 354 911 431 499 226 716 537 325 351 795 925 141 743 406 68 279 208 503 316 920 484 835 95 790 720 441 0 
1 0 1 0 0 1 1 0 0 0 0 1 0 0 0 0 0 1 1 0 0 0 0 0 1 1 0 0 0 0 0 0 0 1 0 0 0 0 0 0 0 1 1 0 1 0 1 0 1 0 1 0 0 0 0 0 0 0 0 0 1 0 0 1 0 0 1 0 0 1 0 0 0 0 0 1 0 0 0 1 1 1 0 1 0 0 0 0 0 0 1 1 0 