63
0 203 406 243 911 808 63 338 663 161 717 717 429 922 64 575 491 792 810 241 205 899 62 302 577 346 495 663 484 30 866 269 226 75 647 479 326 509 840 317 744 39 264 101 932 18 862 167 409 986 828 682 763 382 594 781 263 283 984 504 496 291 70 
203 0 280 708 916 533 930 768 73 587 429 919 548 731 916 754 539 918 677 70 645 903 90 542 888 834 770 369 660 379 389 329 671 935 918 908 283 723 260 426 823 798 526 328 747 294 423 75 753 435 494 288 207 109 200 83 499 66 68 758 171 19 400 
406 280 0 264 945 204 265 116 998 201 773 692 100 47 852 59 464 959 23 775 440 192 895 328 379 844 383 130 311 653 862 248 273 74 756 282 400 196 294 74 150 281 412 164 258 987 40 156 290 560 258 439 896 549 50 910 129 836 656 632 439 34 731 
243 708 264 0 608 192 542 821 70 842 809 870 979 90 606 763 639 668 347 115 616 581 758 809 355 934 443 18 205 696 142 673 739 10 731 646 561 918 248 97 17 590 518 748 478 439 145 52 122 718 935 490 387 462 42 502 512 883 388 748 839 580 146 
911 916 945 608 0 730 804 170 338 965 784 207 846 227 215 481 379 573 673 81 197 143 816 809 637 973 374 820 730 298 606 585 478 82 891 548 560 764 386 79 532 441 905 579 817 997 459 866 22 881 121 166 389 544 131 360 417 759 431 310 968 303 31 
808 533 204 192 730 0 401 384 752 892 635 423 350 243 911 65 214 507 323 472 330 248 612 659 98 828 110 674 402 678 803 318 434 368 351 731 761 890 204 356 378 827 139 106 708 340 858 770 817 125 490 949 291 783 101 78 542 256 595 335 506 272 588 
63 930 265 542 804 401 0 460 976 947 130 820 59 984 385 220 473 134 623 305 696 843 128 556 173 249 898 213 88 969 233 646 421 320 568 983 283 932 179 42 754 883 596 865 722 820 852 383 441 704 919 43 811 120 942 410 594 320 133 60 65 413 420 
338 768 116 821 170 384 460 0 306 833 388 242 556 803 877 57 341 526 844 467 325 417 607 24 828 576 880 121 675 195 746 540 398 785 733 542 111 711 427 593 583 768 279 94 323 776 532 719 711 441 451 225 486 952 258 840 118 62 461 591 881 626 494 
663 73 998 70 338 752 976 306 0 174 665 840 835 241 818 653 25 197 577 105 268 869 877 552 526 674 586 39 280 117 463 274 388 753 391 973 696 955 670 526 346 114 431 245 929 112 458 660 923 192 966 614 81 577 142 123 687 451 476 251 858 158 199 
161 587 201 842 965 892 947 833 174 0 474 316 731 367 277 289 106 380 957 482 645 998 875 268 800 139 640 543 55 9 957 900 493 370 120 50 593 971 397 666 127 465 779 64 258 342 828 397 203 677 619 287 68 744 997 59 717 795 644 7 778 541 685 
717 429 773 809 784 635 130 388 665 474 0 356 158 139 815 851 658 737 190 137 568 859 560 356 335 190 375 629 669 552 856 350 699 125 268 464 41 190 862 142 869 974 240 536 378 358 121 530 220 522 733 660 792 809 328 622 477 363 554 48 192 330 651 
717 919 692 870 207 423 820 242 840 316 356 0 462 871 675 736 595 715 915 624 477 351 301 956 979 225 262 592 730 868 147 517 574 875 570 734 992 715 892 893 171 729 658 629 618 929 8 839 521 448 389 402 246 763 91 56 679 38 415 423 298 209 516 
429 548 100 979 846 350 59 556 835 731 158 462 0 427 172 658 225 569 300 595 387 813 966 500 515 53 16 238 813 406 259 715 860 809 385 159 493 653 81 419 709 448 282 863 607 737 701 750 686 767 85 181 33 621 855 990 207 828 55 177 861 657 785 
922 731 47 90 227 243 984 803 241 367 139 871 427 0 755 402 597 531 110 231 753 83 238 364 142 934 466 479 112 360 522 693 399 586 50 596 518 714 952 368 501 341 140 998 201 23 575 921 659 29 702 611 252 38 629 928 621 711 672 268 608 303 113 
64 916 852 606 215 911 385 877 818 277 815 675 172 755 0 813 681 747 296 419 596 872 404 960 258 679 536 149 41 853 945 147 30 922 535 514 935 751 993 278 643 270 147 188 670 635 428 441 967 216 528 423 834 110 628 275 925 81 792 317 566 107 403 
575 754 59 763 481 65 220 57 653 289 851 736 658 402 813 0 641 885 960 728 400 478 479 995 618 605 474 575 532 136 414 136 803 750 341 871 108 106 663 172 930 971 759 349 585 560 571 251 790 538 593 912 309 449 934 567 480 544 386 656 669 232 654 
491 539 464 639 379 214 473 341 25 106 658 595 225 597 681 641 0 673 950 668 177 965 551 173 218 853 871 504 130 664 111 195 984 558 811 446 977 237 857 307 281 906 726 139 276 104 50 578 319 239 763 496 480 967 408 689 917 748 375 273 813 209 133 
792 918 959 668 573 507 134 526 197 380 737 715 569 531 747 885 673 0 35 37 157 749 205 969 365 238 398 137 475 544 709 614 649 199 181 328 802 949 151 708 548 913 197 354 204 43 667 631 472 967 33 376 649 474 552 130 477 225 964 572 3 452 215 
810 677 23 347 673 323 623 844 577 957 190 915 300 110 296 960 950 35 0 75 38 722 441 552 94 46 691 24 896 877 133 575 832 807 716 609 958 7 533 597 397 689 365 724 268 169 132 112 483 293 257 535 32 303 148 815 613 418 314 295 713 690 821 
241 70 775 115 81 472 305 467 105 482 137 624 595 231 419 728 668 37 75 0 83 510 926 91 977 185 725 273 253 533 922 663 719 948 1000 925 731 174 242 75 75 408 702 482 896 621 257 358 88 219 321 477 828 378 987 104 167 689 671 376 848 953 530 
205 645 440 616 197 330 696 325 268 645 568 477 387 753 596 400 177 157 38 83 0 604 785 244 224 252 861 603 800 552 979 958 758 15 525 149 585 303 675 147 316 207 220 846 906 707 814 20 473 360 839 319 697 489 294 398 927 915 385 560 797 209 734 
899 903 192 581 143 248 843 417 869 998 859 351 813 83 872 478 965 749 722 510 604 0 493 389 708 386 992 251 769 32 748 799 8 116 587 925 491 755 745 838 131 636 59 436 758 324 168 772 607 639 101 389 211 29 835 591 914 117 708 931 517 837 787 
62 90 895 758 816 612 128 607 877 875 560 301 966 238 404 479 551 205 441 926 785 493 0 472 768 831 541 618 691 32 446 550 988 603 365 590 991 655 828 1 911 412 550 63 360 756 824 436 375 307 626 131 447 470 545 618 265 130 912 883 181 891 719 
302 542 328 809 809 659 556 24 552 268 356 956 500 364 960 995 173 969 552 91 244 389 472 0 473 619 58 198 826 910 768 165 433 300 948 492 632 100 14 316 77 226 499 836 185 602 17 819 93 167 232 171 948 475 778 179 546 102 269 281 643 377 851 
577 888 379 355 637 98 173 828 526 800 335 979 515 142 258 618 218 365 94 977 224 708 768 473 0 484 467 137 941 783 239 517 99 182 744 991 191 195 253 163 264 921 336 35 809 55 370 727 344 454 789 908 461 104 366 396 791 607 78 679 540 541 353 
346 834 844 934 973 828 249 576 674 139 190 225 53 934 679 605 853 238 46 185 252 386 831 619 484 0 335 515 308 744 584 832 328 326 456 702 679 360 318 987 564 32 735 443 188 299 896 808 923 149 109 182 868 821 70 348 150 773 922 968 597 464 311 
495 770 383 443 374 110 898 880 586 640 375 262 16 466 536 474 871 398 691 725 861 992 541 58 467 335 0 825 621 221 942 525 437 760 357 345 967 148 934 132 41 251 318 441 760 974 800 318 119 827 346 419 261 625 283 365 965 367 869 524 229 584 226 
663 369 130 18 820 674 213 121 39 543 629 592 238 479 149 575 504 137 24 273 603 251 618 198 137 515 825 0 630 54 706 384 913 796 256 401 672 690 898 815 441 401 650 895 198 727 807 434 262 790 364 67 819 348 997 344 241 73 889 54 617 905 948 
484 660 311 205 730 402 88 675 280 55 669 730 813 112 41 532 130 475 896 253 800 769 691 826 941 308 621 630 0 519 177 851 227 854 525 825 572 419 845 400 816 959 523 575 49 152 838 918 771 560 644 694 974 213 235 837 438 311 788 881 814 777 75 
30 379 653 696 298 678 969 195 117 9 552 868 406 360 853 136 664 544 877 533 552 32 32 910 783 744 221 54 519 0 195 256 651 358 153 682 552 640 74 938 697 699 61 420 206 561 92 959 692 358 967 995 345 724 973 362 23 151 387 208 59 997 159 
866 389 862 142 606 803 233 746 463 957 856 147 259 522 945 414 111 709 133 922 979 748 446 768 239 584 942 706 177 195 0 868 791 40 397 716 29 770 507 309 956 832 99 365 196 299 26 366 32 683 148 839 999 874 697 618 357 414 346 616 160 788 339 
269 329 248 673 585 318 646 540 274 900 350 517 715 693 147 136 195 614 575 663 958 799 550 165 517 832 525 384 851 256 868 0 917 914 644 296 240 52 128 548 54 723 734 119 907 611 373 697 758 789 542 233 360 823 807 991 994 621 990 194 98 765 744 
226 671 273 739 478 434 421 398 388 493 699 574 860 399 30 803 984 649 832 719 758 8 988 433 99 328 437 913 227 651 791 917 0 594 582 300 446 602 897 218 562 814 121 126 919 65 646 831 556 350 230 815 63 233 490 857 599 604 104 262 994 885 294 
75 935 74 10 82 368 320 785 753 370 125 875 809 586 922 750 558 199 807 948 15 116 603 300 182 326 760 796 854 358 40 914 594 0 448 617 53 374 869 925 85 410 510 874 684 290 434 604 399 761 125 76 494 207 600 576 177 242 532 277 49 391 870 
647 918 756 731 891 351 568 733 391 120 268 570 385 50 535 341 811 181 716 1000 525 587 365 948 744 456 357 256 525 153 397 644 582 448 0 246 887 424 675 609 107 130 183 762 530 578 305 818 305 168 55 710 97 10 655 611 905 439 275 615 105 703 670 
479 908 282 646 548 731 983 542 973 50 464 734 159 596 514 871 446 328 609 925 149 925 590 492 991 702 345 401 825 682 716 296 300 617 246 0 821 605 125 173 267 185 282 802 378 415 15 445 843 738 281 369 102 589 189 540 859 652 728 473 297 623 6 
326 283 400 561 560 761 283 111 696 593 41 992 493 518 935 108 977 802 958 731 585 491 991 632 191 679 967 672 572 552 29 240 446 53 887 821 0 614 917 78 43 481 165 317 405 43 282 279 245 77 33 901 522 496 257 526 474 860 386 213 617 578 378 
509 723 196 918 764 890 932 711 955 971 190 715 653 714 751 106 237 949 7 174 303 755 655 100 195 360 148 690 419 640 770 52 602 374 424 605 614 0 70 829 520 718 954 316 29 421 169 505 569 197 996 159 488 219 183 263 637 137 753 474 820 293 724 
840 260 294 248 386 204 179 427 670 397 862 892 81 952 993 663 857 151 533 242 675 745 828 14 253 318 934 898 845 74 507 128 897 869 675 125 917 70 0 193 325 283 621 543 1 297 875 803 630 915 472 103 574 270 468 414 927 757 217 143 662 709 430 
317 426 74 97 79 356 42 593 526 666 142 893 419 368 278 172 307 708 597 75 147 838 1 316 163 987 132 815 400 938 309 548 218 925 609 173 78 829 193 0 867 509 706 427 19 540 448 181 549 702 360 22 886 779 348 106 722 526 379 14 432 943 810 
744 823 150 17 532 378 754 583 346 127 869 171 709 501 643 930 281 548 397 75 316 131 911 77 264 564 41 441 816 697 956 54 562 85 107 267 43 520 325 867 0 81 171 937 639 322 938 855 87 66 168 614 208 644 637 422 418 760 734 320 138 390 393 
39 798 281 590 441 827 883 768 114 465 974 729 448 341 270 971 906 913 689 408 207 636 412 226 921 32 251 401 959 699 832 723 814 410 130 185 481 718 283 509 81 0 26 969 318 232 823 57 683 696 471 592 127 257 375 587 419 958 500 391 653 850 760 
264 526 412 518 905 139 596 279 431 779 240 658 282 140 147 759 726 197 365 702 220 59 550 499 336 735 318 650 523 61 99 734 121 510 183 282 165 954 621 706 171 26 0 567 389 132 871 104 340 16 900 89 465 641 994 296 580 559 25 347 848 613 133 
101 328 164 748 579 106 865 94 245 64 536 629 863 998 188 349 139 354 724 482 846 436 63 836 35 443 441 895 575 420 365 119 126 874 762 802 317 316 543 427 937 969 567 0 365 744 229 405 304 380 440 170 360 269 180 647 158 914 639 932 611 814 743 
932 747 258 478 817 708 722 323 929 258 378 618 607 201 670 585 276 204 268 896 906 758 360 185 809 188 760 198 49 206 196 907 919 684 530 378 405 29 1 19 639 318 389 365 0 551 639 752 32 76 174 480 508 527 102 144 233 545 88 85 723 583 439 
18 294 987 439 997 340 820 776 112 342 358 929 737 23 635 560 104 43 169 621 707 324 756 602 55 299 974 727 152 561 299 611 65 290 578 415 43 421 297 540 322 232 132 744 551 0 844 454 579 439 508 1000 867 809 737 621 291 245 93 339 774 169 525 
862 423 40 145 459 858 852 532 458 828 121 8 701 575 428 571 50 667 132 257 814 168 824 17 370 896 800 807 838 92 26 373 646 434 305 15 282 169 875 448 938 823 871 229 639 844 0 799 807 147 117 461 616 626 471 931 965 917 316 454 855 601 215 
167 75 156 52 866 770 383 719 660 397 530 839 750 921 441 251 578 631 112 358 20 772 436 819 727 808 318 434 918 959 366 697 831 604 818 445 279 505 803 181 855 57 104 405 752 454 799 0 895 582 774 479 732 900 802 641 868 277 516 103 309 460 9 
409 753 290 122 22 817 441 711 923 203 220 521 686 659 967 790 319 472 483 88 473 607 375 93 344 923 119 262 771 692 32 758 556 399 305 843 245 569 630 549 87 683 340 304 32 579 807 895 0 818 1 861 463 109 378 467 677 995 412 289 215 621 214 
986 435 560 718 881 125 704 441 192 677 522 448 767 29 216 538 239 967 293 219 360 639 307 167 454 149 827 790 560 358 683 789 350 761 168 738 77 197 915 702 66 696 16 380 76 439 147 582 818 0 558 348 662 487 172 215 807 375 119 871 674 498 855 
828 494 258 935 121 490 919 451 966 619 733 389 85 702 528 593 763 33 257 321 839 101 626 232 789 109 346 364 644 967 148 542 230 125 55 281 33 996 472 360 168 471 900 440 174 508 117 774 1 558 0 137 785 233 892 446 435 527 53 74 590 798 149 
682 288 439 490 166 949 43 225 614 287 660 402 181 611 423 912 496 376 535 477 319 389 131 171 908 182 419 67 694 995 839 233 815 76 710 369 901 159 103 22 614 592 89 170 480 1000 461 479 861 348 137 0 467 148 709 56 546 200 873 419 191 123 782 
763 207 896 387 389 291 811 486 81 68 792 246 33 252 834 309 480 649 32 828 697 211 447 948 461 868 261 819 974 345 999 360 63 494 97 102 522 488 574 886 208 127 465 360 508 867 616 732 463 662 785 467 0 487 316 633 507 785 204 152 958 636 26 
382 109 549 462 544 783 120 952 577 744 809 763 621 38 110 449 967 474 303 378 489 29 470 475 104 821 625 348 213 724 874 823 233 207 10 589 496 219 270 779 644 257 641 269 527 809 626 900 109 487 233 148 487 0 96 770 743 718 945 93 340 635 206 
594 200 50 42 131 101 942 258 142 997 328 91 855 629 628 934 408 552 148 987 294 835 545 778 366 70 283 997 235 973 697 807 490 600 655 189 257 183 468 348 637 375 994 180 102 737 471 802 378 172 892 709 316 96 0 837 620 661 626 182 443 678 267 
781 83 910 502 360 78 410 840 123 59 622 56 990 928 275 567 689 130 815 104 398 591 618 179 396 348 365 344 837 362 618 991 857 576 611 540 526 263 414 106 422 587 296 647 144 621 931 641 467 215 446 56 633 770 837 0 380 556 596 296 161 802 333 
263 499 129 512 417 542 594 118 687 717 477 679 207 621 925 480 917 477 613 167 927 914 265 546 791 150 965 241 438 23 357 994 599 177 905 859 474 637 927 722 418 419 580 158 233 291 965 868 677 807 435 546 507 743 620 380 0 612 283 53 443 653 23 
283 66 836 883 759 256 320 62 451 795 363 38 828 711 81 544 748 225 418 689 915 117 130 102 607 773 367 73 311 151 414 621 604 242 439 652 860 137 757 526 760 958 559 914 545 245 917 277 995 375 527 200 785 718 661 556 612 0 866 301 8 660 76 
984 68 656 388 431 595 133 461 476 644 554 415 55 672 792 386 375 964 314 671 385 708 912 269 78 922 869 889 788 387 346 990 104 532 275 728 386 753 217 379 734 500 25 639 88 93 316 516 412 119 53 873 204 945 626 596 283 866 0 17 681 243 818 
504 758 632 748 310 335 60 591 251 7 48 423 177 268 317 656 273 572 295 376 560 931 883 281 679 968 524 54 881 208 616 194 262 277 615 473 213 474 143 14 320 391 347 932 85 339 454 103 289 871 74 419 152 93 182 296 53 301 17 0 504 123 190 
496 171 439 839 968 506 65 881 858 778 192 298 861 608 566 669 813 3 713 848 797 517 181 643 540 597 229 617 814 59 160 98 994 49 105 297 617 820 662 432 138 653 848 611 723 774 855 309 215 674 590 191 958 340 443 161 443 8 681 504 0 727 375 
291 19 34 580 303 272 413 626 158 541 330 209 657 303 107 232 209 452 690 953 209 837 891 377 541 464 584 905 777 997 788 765 885 391 703 623 578 293 709 943 390 850 613 814 583 169 601 460 621 498 798 123 636 635 678 802 653 660 243 123 727 0 393 
70 400 731 146 31 588 420 494 199 685 651 516 785 113 403 654 133 215 821 530 734 787 719 851 353 311 226 948 75 159 339 744 294 870 670 6 378 724 430 810 393 760 133 743 439 525 215 9 214 855 149 782 26 206 267 333 23 76 818 190 375 393 0 
0 1 0 1 0 0 0 0 1 0 0 1 0 1 1 0 0 1 0 0 0 1 0 0 0 0 0 1 0 0 1 0 1 1 0 0 1 0 0 0 1 0 1 0 0 1 1 1 0 0 1 0 1 0 0 0 0 1 0 0 1 1 1 