73
0 373 562 513 6 19 370 403 551 414 642 114 155 152 233 64 385 158 925 734 230 108 493 679 632 261 767 534 932 910 866 863 556 965 19 959 458 382 651 963 139 426 657 897 276 12 20 493 263 599 226 895 209 370 112 632 195 694 98 435 829 89 952 785 397 186 535 281 167 411 170 206 632 
373 0 392 577 880 737 295 541 682 400 610 729 828 864 85 335 283 675 822 470 403 339 745 476 173 955 953 571 152 368 653 520 479 633 702 226 550 853 955 441 232 670 928 995 714 970 493 230 362 587 603 559 182 67 277 308 758 768 323 289 758 872 540 749 393 74 386 630 411 19 337 318 508 
562 392 0 773 431 288 247 876 722 324 861 778 639 241 536 695 475 274 38 200 495 555 802 70 398 357 824 214 115 17 982 707 176 724 640 238 138 575 638 513 794 591 41 420 170 597 240 986 518 151 277 443 807 937 503 928 443 297 915 640 201 819 799 467 598 161 525 421 206 526 615 387 619 
513 577 773 0 462 427 14 79 910 88 778 979 670 505 518 738 708 596 995 780 977 75 266 594 672 412 927 119 89 825 507 937 516 418 583 1000 822 810 390 887 668 888 988 818 515 515 274 909 841 330 393 408 256 977 338 889 413 387 793 647 917 967 509 770 619 805 765 628 4 247 707 758 560 
6 880 431 462 0 465 613 389 323 869 390 81 16 471 826 213 446 559 426 318 85 306 851 479 8 145 270 287 617 50 175 86 800 58 448 495 478 658 725 435 684 893 368 154 614 299 574 974 315 28 431 755 931 767 962 303 681 318 456 208 991 942 632 848 452 833 429 542 520 322 477 89 141 
19 737 288 427 465 0 677 544 170 718 612 496 359 80 854 579 715 399 384 68 199 204 210 568 396 929 786 534 278 655 425 790 985 983 328 98 875 192 80 78 313 116 722 29 928 414 773 428 353 140 783 187 636 801 310 929 854 318 401 858 630 559 953 4 548 372 564 896 709 285 724 961 904 
370 295 247 14 613 677 0 300 457 187 132 443 786 861 464 8 612 417 474 647 876 694 726 751 123 156 51 764 800 866 597 390 931 258 896 824 998 10 408 462 161 565 310 745 162 91 485 60 528 932 964 873 928 844 295 523 804 562 575 327 619 505 141 947 347 647 132 164 56 870 429 500 692 
403 541 876 79 389 544 300 0 333 694 352 433 658 493 555 208 987 748 560 253 189 986 632 811 785 130 755 323 373 825 154 745 606 503 613 817 16 712 13 426 240 406 748 398 431 206 959 343 912 858 745 404 368 364 781 26 115 534 10 96 255 937 326 75 756 488 435 969 750 143 305 254 614 
551 682 722 910 323 170 457 333 0 458 872 122 605 982 935 641 117 717 414 700 846 135 374 848 417 493 506 384 260 408 981 302 794 954 845 960 202 748 382 581 362 755 113 934 707 820 355 823 90 137 512 223 918 146 518 191 137 606 110 900 828 804 840 405 498 161 10 8 331 693 953 328 966 
414 400 324 88 869 718 187 694 458 0 89 317 430 589 359 291 627 396 323 931 823 707 384 25 485 296 363 144 622 725 337 827 381 723 756 52 96 923 287 431 935 488 145 781 471 432 880 18 808 679 869 521 116 162 978 409 674 497 143 381 795 47 857 70 241 402 781 46 971 593 978 930 353 
642 610 861 778 390 612 132 352 872 89 0 569 498 254 183 744 303 15 136 662 761 83 483 63 194 886 219 919 217 49 928 216 855 899 13 545 666 20 147 783 353 271 51 426 614 941 961 365 190 965 394 144 375 370 69 16 442 377 97 317 745 826 795 985 463 847 739 243 231 954 902 764 143 
114 729 778 979 81 496 443 433 122 317 569 0 975 13 856 849 498 461 457 743 752 383 5 477 90 786 457 273 506 800 29 780 846 439 432 452 652 477 661 690 782 283 636 218 266 740 234 450 35 606 517 804 466 921 199 223 904 313 647 376 598 335 967 263 697 166 965 237 253 303 47 643 392 
155 828 639 670 16 359 786 658 605 430 498 975 0 98 325 588 74 246 511 555 115 588 364 856 396 839 763 163 426 93 680 582 685 226 622 28 416 547 320 870 792 305 723 85 623 925 587 404 28 63 218 191 753 860 149 24 38 983 807 234 221 333 473 862 497 513 65 797 497 421 561 45 617 
152 864 241 505 471 80 861 493 982 589 254 13 98 0 590 91 398 269 105 5 959 464 238 465 278 420 143 350 73 89 219 525 765 811 10 775 330 472 748 944 186 885 891 79 99 277 277 630 358 76 744 990 684 419 333 938 626 36 423 772 406 451 423 183 475 667 863 160 238 749 3 483 698 
233 85 536 518 826 854 464 555 935 359 183 856 325 590 0 979 326 596 5 522 504 900 128 745 717 783 154 634 426 902 934 977 953 550 71 226 492 130 476 217 397 33 979 169 864 488 730 632 361 158 381 310 423 536 265 927 662 450 81 552 110 200 792 73 249 147 753 723 334 790 268 839 884 
64 335 695 738 213 579 8 208 641 291 744 849 588 91 979 0 625 87 277 431 341 567 147 895 142 482 799 201 253 715 229 982 888 320 320 496 253 683 604 94 352 780 450 875 667 741 866 361 997 236 323 322 1 386 284 95 254 207 350 22 842 815 209 849 822 865 788 207 62 978 305 538 284 
385 283 475 708 446 715 612 987 117 627 303 498 74 398 326 625 0 118 122 57 342 180 584 631 36 244 258 670 8 254 253 393 524 93 528 86 174 292 379 196 802 854 509 385 202 939 364 895 390 377 655 837 475 255 230 262 458 64 736 122 478 129 719 485 315 319 101 606 198 263 206 725 209 
158 675 274 596 559 399 417 748 717 396 15 461 246 269 596 87 118 0 562 740 685 831 721 423 744 444 805 167 187 803 31 997 588 808 794 116 844 105 859 799 334 315 703 40 814 941 238 106 903 252 405 439 279 682 366 574 932 550 293 983 95 142 962 30 708 459 671 457 513 163 184 65 169 
925 822 38 995 426 384 474 560 414 323 136 457 511 105 5 277 122 562 0 540 707 520 955 507 117 452 962 966 941 270 854 66 810 367 568 138 369 627 566 387 892 427 487 610 73 525 327 503 734 540 483 337 429 917 290 79 188 568 900 218 869 598 614 874 877 800 32 967 205 829 617 508 56 
734 470 200 780 318 68 647 253 700 931 662 743 555 5 522 431 57 740 540 0 238 556 291 518 786 995 552 28 701 37 378 612 813 98 918 132 732 481 699 27 491 278 573 283 327 963 126 611 520 286 557 80 469 312 359 665 411 743 320 478 478 855 664 638 990 671 365 21 175 233 930 395 722 
230 403 495 977 85 199 876 189 846 823 761 752 115 959 504 341 342 685 707 238 0 79 211 634 855 272 29 42 836 621 662 981 76 916 497 314 272 315 390 386 254 229 526 527 436 317 835 317 80 452 260 92 765 767 411 427 744 131 419 588 115 690 28 165 970 296 220 405 948 967 927 943 865 
108 339 555 75 306 204 694 986 135 707 83 383 588 464 900 567 180 831 520 556 79 0 714 620 944 339 360 825 871 585 198 867 379 799 607 376 51 807 980 370 983 898 574 941 431 14 146 869 19 716 473 672 233 601 134 932 192 94 141 908 928 780 297 756 657 704 382 887 782 309 524 279 601 
493 745 802 266 851 210 726 632 374 384 483 5 364 238 128 147 584 721 955 291 211 714 0 930 371 764 967 27 923 612 379 561 122 945 229 205 576 777 215 296 14 736 119 708 341 759 468 66 388 303 790 969 733 875 456 158 195 936 352 776 854 447 845 167 718 643 796 872 393 795 598 745 351 
679 476 70 594 479 568 751 811 848 25 63 477 856 465 745 895 631 423 507 518 634 620 930 0 39 471 366 687 540 496 171 436 559 134 961 844 215 205 734 173 977 555 986 927 201 920 925 582 243 687 251 204 958 567 442 538 625 397 704 457 586 562 10 856 172 765 909 358 682 141 11 450 485 
632 173 398 672 8 396 123 785 417 485 194 90 396 278 717 142 36 744 117 786 855 944 371 39 0 937 333 898 526 249 926 550 798 549 444 894 564 987 594 977 379 704 623 541 216 631 277 490 234 523 892 43 989 203 545 187 133 249 445 290 904 615 965 972 941 917 5 613 238 366 608 86 266 
261 955 357 412 145 929 156 130 493 296 886 786 839 420 783 482 244 444 452 995 272 339 764 471 937 0 587 980 593 576 806 369 698 417 139 441 931 176 966 98 558 676 631 906 388 646 943 541 716 883 218 944 777 936 850 96 299 329 633 584 32 640 334 386 355 970 236 541 323 611 649 632 756 
767 953 824 927 270 786 51 755 506 363 219 457 763 143 154 799 258 805 962 552 29 360 967 366 333 587 0 945 617 250 245 888 298 855 165 411 769 721 68 939 227 874 65 688 820 197 44 210 599 130 852 721 325 630 781 991 110 315 987 850 128 967 681 599 886 812 217 892 779 251 433 859 927 
534 571 214 119 287 534 764 323 384 144 919 273 163 350 634 201 670 167 966 28 42 825 27 687 898 980 945 0 959 848 541 515 534 580 915 128 109 94 75 811 599 137 342 848 514 474 377 479 498 277 571 53 21 285 271 345 902 84 635 18 573 129 165 478 264 356 216 587 531 503 16 986 792 
932 152 115 89 617 278 800 373 260 622 217 506 426 73 426 253 8 187 941 701 836 871 923 540 526 593 617 959 0 485 15 1 804 454 593 373 237 385 427 288 791 300 70 457 493 500 532 211 138 404 916 858 7 856 397 785 308 16 106 36 7 186 693 352 959 182 643 904 534 119 619 217 136 
910 368 17 825 50 655 866 825 408 725 49 800 93 89 902 715 254 803 270 37 621 585 612 496 249 576 250 848 485 0 707 392 995 299 425 148 855 284 184 225 194 339 326 574 669 58 87 484 36 493 868 383 319 959 928 747 559 689 360 424 610 775 466 914 729 48 869 404 942 840 997 605 417 
866 653 982 507 175 425 597 154 981 337 928 29 680 219 934 229 253 31 854 378 662 198 379 171 926 806 245 541 15 707 0 787 780 690 328 97 685 870 950 954 423 424 965 985 975 206 212 957 754 949 374 127 54 893 319 918 106 552 104 839 385 645 849 832 999 515 992 449 293 559 636 547 10 
863 520 707 937 86 790 390 745 302 827 216 780 582 525 977 982 393 997 66 612 981 867 561 436 550 369 888 515 1 392 787 0 480 991 423 625 398 131 544 714 129 560 316 463 167 319 543 679 171 612 519 907 11 200 909 525 648 30 837 911 426 841 882 51 546 741 861 194 780 972 612 416 728 
556 479 176 516 800 985 931 606 794 381 855 846 685 765 953 888 524 588 810 813 76 379 122 559 798 698 298 534 804 995 780 480 0 359 167 201 146 169 9 392 170 380 320 137 449 575 403 670 516 953 691 55 923 201 21 236 943 197 91 13 887 784 274 804 336 100 212 290 825 203 856 319 784 
965 633 724 418 58 983 258 503 954 723 899 439 226 811 550 320 93 808 367 98 916 799 945 134 549 417 855 580 454 299 690 991 359 0 962 884 665 783 464 655 510 375 412 141 756 81 246 481 520 320 984 107 432 330 4 597 588 373 256 682 271 771 644 77 797 576 551 57 95 915 753 960 886 
19 702 640 583 448 328 896 613 845 756 13 432 622 10 71 320 528 794 568 918 497 607 229 961 444 139 165 915 593 425 328 423 167 962 0 308 199 22 561 509 393 230 124 656 366 106 812 802 461 601 240 86 439 514 197 133 607 116 429 439 983 888 50 824 715 562 407 227 247 871 532 393 953 
959 226 238 1000 495 98 824 817 960 52 545 452 28 775 226 496 86 116 138 132 314 376 205 844 894 441 411 128 373 148 97 625 201 884 308 0 690 534 257 247 489 532 70 376 258 3 552 402 347 638 636 96 873 86 592 732 630 166 569 16 662 444 871 629 928 247 498 126 738 501 757 175 860 
458 550 138 822 478 875 998 16 202 96 666 652 416 330 492 253 174 844 369 732 272 51 576 215 564 931 769 109 237 855 685 398 146 665 199 690 0 987 981 358 495 880 672 37 522 682 586 6 700 900 585 916 739 94 285 711 412 136 808 558 139 800 168 2 702 44 117 335 27 587 462 408 191 
382 853 575 810 658 192 10 712 748 923 20 477 547 472 130 683 292 105 627 481 315 807 777 205 987 176 721 94 385 284 870 131 169 783 22 534 987 0 644 180 380 85 928 863 124 402 273 292 290 873 503 187 245 919 387 433 389 148 799 325 562 363 444 630 554 999 757 515 918 179 832 635 604 
651 955 638 390 725 80 408 13 382 287 147 661 320 748 476 604 379 859 566 699 390 980 215 734 594 966 68 75 427 184 950 544 9 464 561 257 981 644 0 785 494 929 126 237 870 920 252 893 77 567 457 241 868 971 617 307 371 466 679 955 252 912 300 990 940 221 669 244 746 426 26 72 12 
963 441 513 887 435 78 462 426 581 431 783 690 870 944 217 94 196 799 387 27 386 370 296 173 977 98 939 811 288 225 954 714 392 655 509 247 358 180 785 0 822 580 916 623 1000 840 864 513 796 573 390 14 474 877 669 155 671 115 168 281 911 681 415 591 741 835 125 455 768 100 103 632 158 
139 232 794 668 684 313 161 240 362 935 353 782 792 186 397 352 802 334 892 491 254 983 14 977 379 558 227 599 791 194 423 129 170 510 393 489 495 380 494 822 0 943 603 729 393 733 55 528 322 211 331 25 823 946 989 307 593 524 141 611 901 447 895 183 312 979 513 792 706 424 734 16 132 
426 670 591 888 893 116 565 406 755 488 271 283 305 885 33 780 854 315 427 278 229 898 736 555 704 676 874 137 300 339 424 560 380 375 230 532 880 85 929 580 943 0 564 917 651 288 250 936 851 672 381 983 869 724 741 727 500 468 448 470 588 486 986 252 204 249 55 53 356 112 735 526 345 
657 928 41 988 368 722 310 748 113 145 51 636 723 891 979 450 509 703 487 573 526 574 119 986 623 631 65 342 70 326 965 316 320 412 124 70 672 928 126 916 603 564 0 518 682 928 117 201 350 182 228 451 480 218 277 716 319 45 921 108 323 200 824 596 329 512 159 946 408 344 514 687 911 
897 995 420 818 154 29 745 398 934 781 426 218 85 79 169 875 385 40 610 283 527 941 708 927 541 906 688 848 457 574 985 463 137 141 656 376 37 863 237 623 729 917 518 0 743 314 665 426 160 122 979 635 669 421 342 300 859 748 163 878 810 272 901 474 833 193 491 146 904 566 877 772 937 
276 714 170 515 614 928 162 431 707 471 614 266 623 99 864 667 202 814 73 327 436 431 341 201 216 388 820 514 493 669 975 167 449 756 366 258 522 124 870 1000 393 651 682 743 0 395 959 969 353 133 503 818 589 924 794 345 479 208 106 21 685 545 257 757 589 772 817 116 323 841 758 750 859 
12 970 597 515 299 414 91 206 820 432 941 740 925 277 488 741 939 941 525 963 317 14 759 920 631 646 197 474 500 58 206 319 575 81 106 3 682 402 920 840 733 288 928 314 395 0 961 590 273 335 897 286 70 26 529 539 768 646 49 147 361 895 380 582 214 427 697 19 435 655 156 401 355 
20 493 240 274 574 773 485 959 355 880 961 234 587 277 730 866 364 238 327 126 835 146 468 925 277 943 44 377 532 87 212 543 403 246 812 552 586 273 252 864 55 250 117 665 959 961 0 74 173 312 92 13 894 714 429 997 680 852 512 135 745 858 78 214 289 869 207 403 747 687 840 768 1000 
493 230 986 909 974 428 60 343 823 18 365 450 404 630 632 361 895 106 503 611 317 869 66 582 490 541 210 479 211 484 957 679 670 481 802 402 6 292 893 513 528 936 201 426 969 590 74 0 298 532 983 673 778 190 949 865 396 764 205 932 956 145 332 173 670 736 757 536 125 440 629 699 116 
263 362 518 841 315 353 528 912 90 808 190 35 28 358 361 997 390 903 734 520 80 19 388 243 234 716 599 498 138 36 754 171 516 520 461 347 700 290 77 796 322 851 350 160 353 273 173 298 0 45 694 132 417 253 345 13 772 810 250 89 651 506 258 855 583 1000 475 656 99 721 705 569 582 
599 587 151 330 28 140 932 858 137 679 965 606 63 76 158 236 377 252 540 286 452 716 303 687 523 883 130 277 404 493 949 612 953 320 601 638 900 873 567 573 211 672 182 122 133 335 312 532 45 0 324 672 178 580 436 681 602 374 679 661 376 846 194 749 63 945 169 839 685 299 83 769 348 
226 603 277 393 431 783 964 745 512 869 394 517 218 744 381 323 655 405 483 557 260 473 790 251 892 218 852 571 916 868 374 519 691 984 240 636 585 503 457 390 331 381 228 979 503 897 92 983 694 324 0 773 674 67 664 8 843 432 827 257 995 362 459 43 541 611 585 458 553 398 333 126 799 
895 559 443 408 755 187 873 404 223 521 144 804 191 990 310 322 837 439 337 80 92 672 969 204 43 944 721 53 858 383 127 907 55 107 86 96 916 187 241 14 25 983 451 635 818 286 13 673 132 672 773 0 523 241 152 650 833 258 583 589 700 816 192 300 431 569 622 592 783 670 191 614 13 
209 182 807 256 931 636 928 368 918 116 375 466 753 684 423 1 475 279 429 469 765 233 733 958 989 777 325 21 7 319 54 11 923 432 439 873 739 245 868 474 823 869 480 669 589 70 894 778 417 178 674 523 0 683 913 119 117 502 509 752 206 875 485 591 163 404 552 438 19 120 938 583 724 
370 67 937 977 767 801 844 364 146 162 370 921 860 419 536 386 255 682 917 312 767 601 875 567 203 936 630 285 856 959 893 200 201 330 514 86 94 919 971 877 946 724 218 421 924 26 714 190 253 580 67 241 683 0 993 398 34 216 1 960 437 982 591 712 182 514 671 164 424 346 472 996 1 
112 277 503 338 962 310 295 781 518 978 69 199 149 333 265 284 230 366 290 359 411 134 456 442 545 850 781 271 397 928 319 909 21 4 197 592 285 387 617 669 989 741 277 342 794 529 429 949 345 436 664 152 913 993 0 588 888 233 485 119 176 137 854 889 99 380 517 965 883 274 671 276 602 
632 308 928 889 303 929 523 26 191 409 16 223 24 938 927 95 262 574 79 665 427 932 158 538 187 96 991 345 785 747 918 525 236 597 133 732 711 433 307 155 307 727 716 300 345 539 997 865 13 681 8 650 119 398 588 0 120 238 203 843 972 843 457 759 351 602 901 879 720 667 247 274 755 
195 758 443 413 681 854 804 115 137 674 442 904 38 626 662 254 458 932 188 411 744 192 195 625 133 299 110 902 308 559 106 648 943 588 607 630 412 389 371 671 593 500 319 859 479 768 680 396 772 602 843 833 117 34 888 120 0 786 794 945 724 362 636 539 502 729 4 752 32 648 668 34 277 
694 768 297 387 318 318 562 534 606 497 377 313 983 36 450 207 64 550 568 743 131 94 936 397 249 329 315 84 16 689 552 30 197 373 116 166 136 148 466 115 524 468 45 748 208 646 852 764 810 374 432 258 502 216 233 238 786 0 245 577 449 954 881 138 797 607 689 837 374 805 755 94 952 
98 323 915 793 456 401 575 10 110 143 97 647 807 423 81 350 736 293 900 320 419 141 352 704 445 633 987 635 106 360 104 837 91 256 429 569 808 799 679 168 141 448 921 163 106 49 512 205 250 679 827 583 509 1 485 203 794 245 0 516 191 544 866 959 567 157 299 475 453 870 134 214 42 
435 289 640 647 208 858 327 96 900 381 317 376 234 772 552 22 122 983 218 478 588 908 776 457 290 584 850 18 36 424 839 911 13 682 439 16 558 325 955 281 611 470 108 878 21 147 135 932 89 661 257 589 752 960 119 843 945 577 516 0 653 972 683 101 186 195 466 721 555 154 641 611 661 
829 758 201 917 991 630 619 255 828 795 745 598 221 406 110 842 478 95 869 478 115 928 854 586 904 32 128 573 7 610 385 426 887 271 983 662 139 562 252 911 901 588 323 810 685 361 745 956 651 376 995 700 206 437 176 972 724 449 191 653 0 873 706 915 239 854 57 787 677 857 315 214 52 
89 872 819 967 942 559 505 937 804 47 826 335 333 451 200 815 129 142 598 855 690 780 447 562 615 640 967 129 186 775 645 841 784 771 888 444 800 363 912 681 447 486 200 272 545 895 858 145 506 846 362 816 875 982 137 843 362 954 544 972 873 0 754 49 809 49 826 687 570 694 108 671 837 
952 540 799 509 632 953 141 326 840 857 795 967 473 423 792 209 719 962 614 664 28 297 845 10 965 334 681 165 693 466 849 882 274 644 50 871 168 444 300 415 895 986 824 901 257 380 78 332 258 194 459 192 485 591 854 457 636 881 866 683 706 754 0 65 634 148 928 410 711 743 186 336 557 
785 749 467 770 848 4 947 75 405 70 985 263 862 183 73 849 485 30 874 638 165 756 167 856 972 386 599 478 352 914 832 51 804 77 824 629 2 630 990 591 183 252 596 474 757 582 214 173 855 749 43 300 591 712 889 759 539 138 959 101 915 49 65 0 206 432 998 931 1000 51 456 605 96 
397 393 598 619 452 548 347 756 498 241 463 697 497 475 249 822 315 708 877 990 970 657 718 172 941 355 886 264 959 729 999 546 336 797 715 928 702 554 940 741 312 204 329 833 589 214 289 670 583 63 541 431 163 182 99 351 502 797 567 186 239 809 634 206 0 189 624 794 551 810 479 895 648 
186 74 161 805 833 372 647 488 161 402 847 166 513 667 147 865 319 459 800 671 296 704 643 765 917 970 812 356 182 48 515 741 100 576 562 247 44 999 221 835 979 249 512 193 772 427 869 736 1000 945 611 569 404 514 380 602 729 607 157 195 854 49 148 432 189 0 591 457 147 650 877 204 85 
535 386 525 765 429 564 132 435 10 781 739 965 65 863 753 788 101 671 32 365 220 382 796 909 5 236 217 216 643 869 992 861 212 551 407 498 117 757 669 125 513 55 159 491 817 697 207 757 475 169 585 622 552 671 517 901 4 689 299 466 57 826 928 998 624 591 0 466 208 107 867 778 121 
281 630 421 628 542 896 164 969 8 46 243 237 797 160 723 207 606 457 967 21 405 887 872 358 613 541 892 587 904 404 449 194 290 57 227 126 335 515 244 455 792 53 946 146 116 19 403 536 656 839 458 592 438 164 965 879 752 837 475 721 787 687 410 931 794 457 466 0 275 873 416 237 888 
167 411 206 4 520 709 56 750 331 971 231 253 497 238 334 62 198 513 205 175 948 782 393 682 238 323 779 531 534 942 293 780 825 95 247 738 27 918 746 768 706 356 408 904 323 435 747 125 99 685 553 783 19 424 883 720 32 374 453 555 677 570 711 1000 551 147 208 275 0 145 43 851 96 
411 19 526 247 322 285 870 143 693 593 954 303 421 749 790 978 263 163 829 233 967 309 795 141 366 611 251 503 119 840 559 972 203 915 871 501 587 179 426 100 424 112 344 566 841 655 687 440 721 299 398 670 120 346 274 667 648 805 870 154 857 694 743 51 810 650 107 873 145 0 560 430 517 
170 337 615 707 477 724 429 305 953 978 902 47 561 3 268 305 206 184 617 930 927 524 598 11 608 649 433 16 619 997 636 612 856 753 532 757 462 832 26 103 734 735 514 877 758 156 840 629 705 83 333 191 938 472 671 247 668 755 134 641 315 108 186 456 479 877 867 416 43 560 0 879 826 
206 318 387 758 89 961 500 254 328 930 764 643 45 483 839 538 725 65 508 395 943 279 745 450 86 632 859 986 217 605 547 416 319 960 393 175 408 635 72 632 16 526 687 772 750 401 768 699 569 769 126 614 583 996 276 274 34 94 214 611 214 671 336 605 895 204 778 237 851 430 879 0 887 
632 508 619 560 141 904 692 614 966 353 143 392 617 698 884 284 209 169 56 722 865 601 351 485 266 756 927 792 136 417 10 728 784 886 953 860 191 604 12 158 132 345 911 937 859 355 1000 116 582 348 799 13 724 1 602 755 277 952 42 661 52 837 557 96 648 85 121 888 96 517 826 887 0 
0 1 1 0 0 0 0 1 0 0 0 0 0 1 0 0 0 0 0 0 0 0 0 0 0 1 0 0 0 1 0 0 1 0 1 0 0 0 0 1 1 0 0 0 0 1 1 0 1 0 0 0 1 0 0 1 1 0 0 1 0 0 0 0 0 1 0 0 1 0 1 0 0 