11
0 23 749 686 805 341 826 113 199 807 701 
23 0 464 61 883 37 549 728 415 635 3 
749 464 0 221 505 738 459 560 266 744 819 
686 61 221 0 549 947 767 728 587 158 700 
805 883 505 549 0 611 292 188 729 886 988 
341 37 738 947 611 0 633 435 201 361 840 
826 549 459 767 292 633 0 939 823 812 889 
113 728 560 728 188 435 939 0 740 525 323 
199 415 266 587 729 201 823 740 0 93 177 
807 635 744 158 886 361 812 525 93 0 573 
701 3 819 700 988 840 889 323 177 573 0 
0 1 1 1 0 0 0 1 0 0 1 