15
0 14 415 141 410 302 521 753 560 927 170 442 300 482 165 
14 0 155 778 553 353 473 378 138 910 970 167 351 55 713 
415 155 0 116 963 927 598 451 566 615 429 726 423 568 909 
141 778 116 0 509 282 879 990 753 717 162 215 249 785 28 
410 553 963 509 0 5 734 48 371 55 544 248 967 255 906 
302 353 927 282 5 0 206 110 804 227 712 274 461 996 470 
521 473 598 879 734 206 0 30 75 155 395 715 843 53 807 
753 378 451 990 48 110 30 0 564 947 330 306 321 506 359 
560 138 566 753 371 804 75 564 0 402 532 6 85 170 26 
927 910 615 717 55 227 155 947 402 0 634 391 490 312 189 
170 970 429 162 544 712 395 330 532 634 0 332 672 868 489 
442 167 726 215 248 274 715 306 6 391 332 0 856 500 573 
300 351 423 249 967 461 843 321 85 490 672 856 0 448 873 
482 55 568 785 255 996 53 506 170 312 868 500 448 0 8 
165 713 909 28 906 470 807 359 26 189 489 573 873 8 0 
1 0 0 1 0 0 0 1 1 1 0 1 0 0 0 