6
0 785 713 453 76 212 
785 0 167 436 124 919 
713 167 0 59 881 228 
453 436 59 0 590 996 
76 124 881 590 0 475 
212 919 228 996 475 0 
0 1 0 0 1 1 