69
0 928 496 629 328 56 501 226 878 270 37 928 986 266 578 829 497 877 82 455 426 882 733 890 799 160 381 435 102 850 48 568 310 453 111 284 742 35 7 88 218 958 593 194 262 817 493 737 322 495 68 29 254 508 848 166 546 77 543 534 26 574 998 1 18 288 690 856 213 
928 0 670 637 775 704 477 819 379 946 495 478 166 612 760 902 872 583 447 557 553 556 846 667 943 6 106 614 875 482 661 754 816 477 514 522 816 354 795 927 411 58 276 791 289 609 755 360 744 595 477 123 243 168 37 972 631 259 401 38 777 13 4 836 715 660 69 559 567 
496 670 0 327 581 643 798 510 592 959 606 193 761 235 484 859 329 576 258 859 920 191 144 891 864 679 623 563 952 487 182 278 794 408 214 924 211 210 624 103 324 773 947 889 266 336 10 339 686 710 446 251 471 575 605 899 356 210 655 725 343 275 922 239 99 499 769 583 759 
629 637 327 0 384 553 529 810 288 470 857 960 487 317 386 186 87 485 105 368 890 719 170 190 571 447 733 219 780 721 839 347 23 74 887 7 440 827 371 839 827 661 903 736 527 479 744 418 30 880 321 992 415 765 483 131 967 897 459 825 600 441 768 856 941 798 557 435 166 
328 775 581 384 0 266 103 654 978 333 470 689 312 648 545 927 634 964 941 428 949 602 506 399 867 233 419 607 349 22 105 896 976 439 454 232 866 267 88 949 594 629 643 119 713 53 315 209 754 899 148 463 803 667 799 666 10 11 768 217 655 485 318 688 618 322 583 284 362 
56 704 643 553 266 0 806 583 875 794 18 148 528 616 3 969 713 14 674 265 588 805 975 813 57 395 117 302 508 163 924 269 410 124 600 85 185 988 438 731 32 963 298 351 622 924 883 811 842 803 107 756 996 300 119 886 150 291 761 456 538 532 517 208 191 515 256 246 231 
501 477 798 529 103 806 0 597 294 569 476 751 597 257 309 555 158 538 952 274 845 224 584 145 271 252 978 231 484 309 567 439 516 777 114 577 99 490 418 555 85 24 715 74 368 516 702 442 370 237 351 347 360 416 952 717 179 32 25 13 155 577 57 574 253 7 212 864 768 
226 819 510 810 654 583 597 0 382 449 744 99 913 711 113 394 414 113 533 140 386 303 708 956 216 404 906 172 238 229 702 970 618 676 644 137 322 477 693 729 628 729 565 203 944 877 316 786 881 63 795 166 851 21 807 761 651 945 117 155 774 981 628 455 433 293 373 655 534 
878 379 592 288 978 875 294 382 0 848 149 276 76 365 929 841 715 82 395 983 485 271 206 225 893 675 862 736 888 285 273 611 433 125 387 462 660 980 498 374 848 221 80 531 711 169 267 37 715 646 329 751 436 662 764 171 160 386 855 666 234 836 811 603 901 958 839 172 580 
270 946 959 470 333 794 569 449 848 0 13 772 938 859 444 102 446 661 653 524 392 325 342 362 187 585 364 479 939 692 229 534 166 138 715 683 771 751 231 111 94 112 871 967 68 551 319 597 798 196 36 161 84 814 399 3 711 423 706 380 538 919 230 411 678 188 739 360 333 
37 495 606 857 470 18 476 744 149 13 0 451 147 596 66 820 237 865 566 301 599 709 194 724 238 154 870 343 495 28 78 82 222 508 59 664 372 767 474 113 430 824 84 355 363 952 252 904 994 269 308 875 992 351 71 795 882 995 86 965 764 477 365 333 649 922 668 137 587 
928 478 193 960 689 148 751 99 276 772 451 0 647 652 784 14 576 400 711 989 103 148 207 233 994 251 429 158 201 689 100 294 693 646 622 793 658 980 591 928 697 611 941 764 859 140 211 419 631 233 657 586 237 573 214 243 872 431 513 711 702 142 468 505 769 41 146 620 141 
986 166 761 487 312 528 597 913 76 938 147 647 0 659 908 199 922 212 70 741 982 693 545 275 520 113 221 173 811 679 46 519 751 959 63 218 63 347 872 247 264 341 260 739 766 467 978 811 702 872 906 314 356 894 78 918 290 150 321 216 544 942 470 759 494 27 410 199 258 
266 612 235 317 648 616 257 711 365 859 596 652 659 0 53 424 956 732 193 580 94 635 794 138 312 159 71 224 227 88 155 243 384 504 30 768 640 423 169 890 865 980 904 272 126 27 835 377 771 243 823 609 85 118 361 361 454 428 367 189 181 52 715 613 415 240 19 260 818 
578 760 484 386 545 3 309 113 929 444 66 784 908 53 0 699 494 351 938 102 935 761 426 876 96 124 534 382 36 744 564 848 216 264 192 663 397 357 829 886 643 902 453 90 958 389 580 890 380 542 288 773 548 376 479 77 70 199 791 252 214 269 836 727 736 104 686 31 874 
829 902 859 186 927 969 555 394 841 102 820 14 199 424 699 0 674 776 994 833 963 647 165 271 637 207 780 616 787 423 915 244 9 616 667 814 277 789 469 317 363 659 921 624 778 297 715 591 476 580 547 10 793 845 89 955 374 434 416 321 56 57 472 606 943 123 447 219 173 
497 872 329 87 634 713 158 414 715 446 237 576 922 956 494 674 0 482 166 884 92 244 860 914 825 590 916 419 491 755 479 727 526 601 2 589 865 449 113 943 956 107 400 292 850 238 987 999 843 522 992 30 413 255 241 967 422 333 846 305 837 766 491 362 439 171 562 328 261 
877 583 576 485 964 14 538 113 82 661 865 400 212 732 351 776 482 0 893 451 255 736 692 672 41 793 155 620 699 384 268 110 452 176 811 29 471 389 496 737 277 22 30 51 126 948 515 939 906 607 860 276 361 286 134 275 669 227 16 446 691 33 781 199 421 120 482 450 442 
82 447 258 105 941 674 952 533 395 653 566 711 70 193 938 994 166 893 0 185 255 835 440 947 920 390 54 612 294 821 635 837 897 699 691 136 959 214 69 996 921 329 176 168 825 456 788 874 291 1000 227 912 986 401 976 900 759 507 10 128 875 411 405 776 4 97 5 456 897 
455 557 859 368 428 265 274 140 983 524 301 989 741 580 102 833 884 451 185 0 508 213 335 920 901 184 306 867 590 984 958 716 437 499 310 269 712 147 562 826 165 689 335 327 428 684 140 636 111 390 59 879 192 151 870 19 558 569 108 77 829 14 785 687 788 258 762 890 62 
426 553 920 890 949 588 845 386 485 392 599 103 982 94 935 963 92 255 255 508 0 292 6 351 893 609 213 420 105 518 536 698 651 262 395 40 316 13 618 173 462 19 373 329 914 464 655 586 342 834 288 833 759 827 691 519 985 121 881 631 194 532 459 550 890 364 559 719 947 
882 556 191 719 602 805 224 303 271 325 709 148 693 635 761 647 244 736 835 213 292 0 3 985 294 540 44 40 199 103 498 760 251 656 885 553 289 126 250 471 466 504 402 600 137 958 928 299 6 267 767 282 457 167 408 770 246 486 988 192 967 169 858 184 970 553 397 860 651 
733 846 144 170 506 975 584 708 206 342 194 207 545 794 426 165 860 692 440 335 6 3 0 505 133 589 282 273 457 771 819 180 487 332 330 487 872 940 998 74 588 161 845 759 18 49 616 402 862 900 487 121 683 153 514 249 128 679 12 886 119 936 262 156 567 728 244 522 406 
890 667 891 190 399 813 145 956 225 362 724 233 275 138 876 271 914 672 947 920 351 985 505 0 546 290 780 986 737 861 583 133 975 832 606 409 772 996 712 386 17 679 730 965 764 651 699 49 778 754 698 106 546 918 606 425 755 485 414 121 467 16 947 158 471 3 100 974 556 
799 943 864 571 867 57 271 216 893 187 238 994 520 312 96 637 825 41 920 901 893 294 133 546 0 147 946 474 677 148 334 452 260 149 836 738 120 284 135 618 737 977 242 314 864 935 121 588 711 989 609 747 181 222 722 613 895 42 707 248 1000 125 465 475 972 409 184 503 926 
160 6 679 447 233 395 252 404 675 585 154 251 113 159 124 207 590 793 390 184 609 540 589 290 147 0 547 310 197 141 501 197 785 809 197 60 64 221 406 89 381 889 284 822 956 327 235 146 332 492 19 539 998 97 286 399 490 299 939 583 514 489 22 504 878 166 33 408 301 
381 106 623 733 419 117 978 906 862 364 870 429 221 71 534 780 916 155 54 306 213 44 282 780 946 547 0 138 852 675 370 519 688 267 215 278 734 678 682 301 443 990 64 221 590 899 673 485 561 828 818 403 523 463 962 154 405 356 132 994 860 418 854 138 634 440 178 65 2 
435 614 563 219 607 302 231 172 736 479 343 158 173 224 382 616 419 620 612 867 420 40 273 986 474 310 138 0 985 580 214 211 267 793 321 82 871 854 869 215 435 937 396 442 637 733 631 479 110 465 712 921 137 796 951 29 240 211 896 953 15 637 660 340 835 383 766 478 265 
102 875 952 780 349 508 484 238 888 939 495 201 811 227 36 787 491 699 294 590 105 199 457 737 677 197 852 985 0 664 979 408 312 276 871 672 857 217 95 625 893 288 605 476 416 993 305 479 79 259 870 953 979 791 709 53 174 112 314 447 798 560 480 349 879 820 122 555 217 
850 482 487 721 22 163 309 229 285 692 28 689 679 88 744 423 755 384 821 984 518 103 771 861 148 141 675 580 664 0 765 687 416 944 668 377 920 605 67 686 295 889 844 976 825 357 310 70 772 781 335 115 609 953 829 180 951 74 129 334 889 80 59 186 628 516 747 123 600 
48 661 182 839 105 924 567 702 273 229 78 100 46 155 564 915 479 268 635 958 536 498 819 583 334 501 370 214 979 765 0 818 467 723 492 114 69 93 841 892 789 93 127 166 483 708 539 977 587 27 828 350 345 580 925 71 109 13 239 878 749 327 818 937 473 184 787 715 612 
568 754 278 347 896 269 439 970 611 534 82 294 519 243 848 244 727 110 837 716 698 760 180 133 452 197 519 211 408 687 818 0 992 728 595 151 770 946 858 69 24 765 883 774 110 301 676 185 828 365 84 252 229 431 315 973 867 828 607 192 978 599 168 729 334 667 739 646 733 
310 816 794 23 976 410 516 618 433 166 222 693 751 384 216 9 526 452 897 437 651 251 487 975 260 785 688 267 312 416 467 992 0 263 398 682 385 768 451 164 659 390 535 945 933 367 277 152 537 589 129 797 8 838 241 558 155 53 465 257 670 291 867 856 253 316 346 988 501 
453 477 408 74 439 124 777 676 125 138 508 646 959 504 264 616 601 176 699 499 262 656 332 832 149 809 267 793 276 944 723 728 263 0 981 227 354 43 821 929 501 643 540 72 804 280 302 635 678 407 8 17 334 905 975 115 609 444 685 784 687 244 544 275 734 476 792 519 771 
111 514 214 887 454 600 114 644 387 715 59 622 63 30 192 667 2 811 691 310 395 885 330 606 836 197 215 321 871 668 492 595 398 981 0 772 22 371 303 595 948 161 529 439 361 166 151 112 452 877 112 559 894 140 777 987 390 563 374 260 589 775 743 803 541 405 671 499 124 
284 522 924 7 232 85 577 137 462 683 664 793 218 768 663 814 589 29 136 269 40 553 487 409 738 60 278 82 672 377 114 151 682 227 772 0 895 384 316 105 496 977 640 761 68 828 562 236 530 312 588 43 79 329 523 398 542 483 494 299 452 917 364 522 725 137 16 962 45 
742 816 211 440 866 185 99 322 660 771 372 658 63 640 397 277 865 471 959 712 316 289 872 772 120 64 734 871 857 920 69 770 385 354 22 895 0 352 227 981 300 125 147 699 706 400 585 381 451 179 605 359 987 415 167 155 324 905 781 722 926 235 435 980 88 82 253 72 885 
35 354 210 827 267 988 490 477 980 751 767 980 347 423 357 789 449 389 214 147 13 126 940 996 284 221 678 854 217 605 93 946 768 43 371 384 352 0 393 636 999 58 281 865 576 457 636 401 859 880 791 363 480 435 760 922 559 778 859 597 110 834 757 681 116 866 243 286 696 
7 795 624 371 88 438 418 693 498 231 474 591 872 169 829 469 113 496 69 562 618 250 998 712 135 406 682 869 95 67 841 858 451 821 303 316 227 393 0 992 273 744 34 523 77 340 996 717 383 621 597 823 50 755 749 507 667 686 963 38 894 58 920 829 616 156 82 198 189 
88 927 103 839 949 731 555 729 374 111 113 928 247 890 886 317 943 737 996 826 173 471 74 386 618 89 301 215 625 686 892 69 164 929 595 105 981 636 992 0 326 776 461 335 640 414 711 477 758 766 895 565 245 473 51 689 815 210 805 20 242 171 506 887 921 809 578 29 307 
218 411 324 827 594 32 85 628 848 94 430 697 264 865 643 363 956 277 921 165 462 466 588 17 737 381 443 435 893 295 789 24 659 501 948 496 300 999 273 326 0 983 987 317 730 961 900 500 307 921 905 771 946 896 417 188 664 321 100 267 717 612 447 278 269 442 846 42 583 
958 58 773 661 629 963 24 729 221 112 824 611 341 980 902 659 107 22 329 689 19 504 161 679 977 889 990 937 288 889 93 765 390 643 161 977 125 58 744 776 983 0 639 764 288 971 880 905 849 991 600 434 268 617 790 655 576 372 599 724 331 661 926 275 173 778 407 65 481 
593 276 947 903 643 298 715 565 80 871 84 941 260 904 453 921 400 30 176 335 373 402 845 730 242 284 64 396 605 844 127 883 535 540 529 640 147 281 34 461 987 639 0 334 487 990 892 82 475 87 762 376 783 385 839 746 746 704 715 332 708 775 841 145 292 273 154 408 26 
194 791 889 736 119 351 74 203 531 967 355 764 739 272 90 624 292 51 168 327 329 600 759 965 314 822 221 442 476 976 166 774 945 72 439 761 699 865 523 335 317 764 334 0 643 623 452 750 808 244 893 470 136 297 96 585 262 900 138 659 629 166 771 156 866 499 105 817 344 
262 289 266 527 713 622 368 944 711 68 363 859 766 126 958 778 850 126 825 428 914 137 18 764 864 956 590 637 416 825 483 110 933 804 361 68 706 576 77 640 730 288 487 643 0 839 12 593 537 896 470 313 37 660 337 497 339 762 297 9 747 446 945 441 18 230 268 425 605 
817 609 336 479 53 924 516 877 169 551 952 140 467 27 389 297 238 948 456 684 464 958 49 651 935 327 899 733 993 357 708 301 367 280 166 828 400 457 340 414 961 971 990 623 839 0 538 982 288 592 851 480 710 709 174 364 327 3 871 799 432 57 158 170 211 838 808 783 175 
493 755 10 744 315 883 702 316 267 319 252 211 978 835 580 715 987 515 788 140 655 928 616 699 121 235 673 631 305 310 539 676 277 302 151 562 585 636 996 711 900 880 892 452 12 538 0 549 855 589 715 102 355 164 953 43 493 437 305 69 585 891 436 480 777 231 518 177 474 
737 360 339 418 209 811 442 786 37 597 904 419 811 377 890 591 999 939 874 636 586 299 402 49 588 146 485 479 479 70 977 185 152 635 112 236 381 401 717 477 500 905 82 750 593 982 549 0 740 981 69 817 828 155 999 734 482 491 539 371 628 286 276 960 616 68 442 395 334 
322 744 686 30 754 842 370 881 715 798 994 631 702 771 380 476 843 906 291 111 342 6 862 778 711 332 561 110 79 772 587 828 537 678 452 530 451 859 383 758 307 849 475 808 537 288 855 740 0 73 1000 91 664 493 534 906 283 396 576 177 29 512 203 166 330 296 35 467 414 
495 595 710 880 899 803 237 63 646 196 269 233 872 243 542 580 522 607 1000 390 834 267 900 754 989 492 828 465 259 781 27 365 589 407 877 312 179 880 621 766 921 991 87 244 896 592 589 981 73 0 934 975 167 302 235 316 805 805 547 66 436 12 161 603 336 14 836 14 149 
68 477 446 321 148 107 351 795 329 36 308 657 906 823 288 547 992 860 227 59 288 767 487 698 609 19 818 712 870 335 828 84 129 8 112 588 605 791 597 895 905 600 762 893 470 851 715 69 1000 934 0 832 392 736 530 792 528 356 561 835 304 671 516 490 935 382 743 495 843 
29 123 251 992 463 756 347 166 751 161 875 586 314 609 773 10 30 276 912 879 833 282 121 106 747 539 403 921 953 115 350 252 797 17 559 43 359 363 823 565 771 434 376 470 313 480 102 817 91 975 832 0 15 729 301 121 944 637 950 840 614 866 48 872 328 422 830 141 208 
254 243 471 415 803 996 360 851 436 84 992 237 356 85 548 793 413 361 986 192 759 457 683 546 181 998 523 137 979 609 345 229 8 334 894 79 987 480 50 245 946 268 783 136 37 710 355 828 664 167 392 15 0 161 544 487 189 188 643 553 150 966 512 377 552 929 728 599 183 
508 168 575 765 667 300 416 21 662 814 351 573 894 118 376 845 255 286 401 151 827 167 153 918 222 97 463 796 791 953 580 431 838 905 140 329 415 435 755 473 896 617 385 297 660 709 164 155 493 302 736 729 161 0 650 68 474 871 849 769 85 281 807 763 459 149 968 870 482 
848 37 605 483 799 119 952 807 764 399 71 214 78 361 479 89 241 134 976 870 691 408 514 606 722 286 962 951 709 829 925 315 241 975 777 523 167 760 749 51 417 790 839 96 337 174 953 999 534 235 530 301 544 650 0 558 776 194 800 130 59 194 120 229 479 172 595 541 884 
166 972 899 131 666 886 717 761 171 3 795 243 918 361 77 955 967 275 900 19 519 770 249 425 613 399 154 29 53 180 71 973 558 115 987 398 155 922 507 689 188 655 746 585 497 364 43 734 906 316 792 121 487 68 558 0 164 192 642 563 456 243 406 746 228 575 371 860 45 
546 631 356 967 10 150 179 651 160 711 882 872 290 454 70 374 422 669 759 558 985 246 128 755 895 490 405 240 174 951 109 867 155 609 390 542 324 559 667 815 664 576 746 262 339 327 493 482 283 805 528 944 189 474 776 164 0 912 417 358 184 457 368 161 38 829 373 16 68 
77 259 210 897 11 291 32 945 386 423 995 431 150 428 199 434 333 227 507 569 121 486 679 485 42 299 356 211 112 74 13 828 53 444 563 483 905 778 686 210 321 372 704 900 762 3 437 491 396 805 356 637 188 871 194 192 912 0 784 181 299 53 380 671 91 607 516 233 542 
543 401 655 459 768 761 25 117 855 706 86 513 321 367 791 416 846 16 10 108 881 988 12 414 707 939 132 896 314 129 239 607 465 685 374 494 781 859 963 805 100 599 715 138 297 871 305 539 576 547 561 950 643 849 800 642 417 784 0 210 19 876 836 230 690 164 307 674 996 
534 38 725 825 217 456 13 155 666 380 965 711 216 189 252 321 305 446 128 77 631 192 886 121 248 583 994 953 447 334 878 192 257 784 260 299 722 597 38 20 267 724 332 659 9 799 69 371 177 66 835 840 553 769 130 563 358 181 210 0 337 493 648 309 235 178 766 893 875 
26 777 343 600 655 538 155 774 234 538 764 702 544 181 214 56 837 691 875 829 194 967 119 467 1000 514 860 15 798 889 749 978 670 687 589 452 926 110 894 242 717 331 708 629 747 432 585 628 29 436 304 614 150 85 59 456 184 299 19 337 0 727 989 28 796 244 628 973 530 
574 13 275 441 485 532 577 981 836 919 477 142 942 52 269 57 766 33 411 14 532 169 936 16 125 489 418 637 560 80 327 599 291 244 775 917 235 834 58 171 612 661 775 166 446 57 891 286 512 12 671 866 966 281 194 243 457 53 876 493 727 0 366 501 665 811 738 462 344 
998 4 922 768 318 517 57 628 811 230 365 468 470 715 836 472 491 781 405 785 459 858 262 947 465 22 854 660 480 59 818 168 867 544 743 364 435 757 920 506 447 926 841 771 945 158 436 276 203 161 516 48 512 807 120 406 368 380 836 648 989 366 0 374 450 816 516 458 5 
1 836 239 856 688 208 574 455 603 411 333 505 759 613 727 606 362 199 776 687 550 184 156 158 475 504 138 340 349 186 937 729 856 275 803 522 980 681 829 887 278 275 145 156 441 170 480 960 166 603 490 872 377 763 229 746 161 671 230 309 28 501 374 0 318 929 380 600 774 
18 715 99 941 618 191 253 433 901 678 649 769 494 415 736 943 439 421 4 788 890 970 567 471 972 878 634 835 879 628 473 334 253 734 541 725 88 116 616 921 269 173 292 866 18 211 777 616 330 336 935 328 552 459 479 228 38 91 690 235 796 665 450 318 0 487 773 768 455 
288 660 499 798 322 515 7 293 958 188 922 41 27 240 104 123 171 120 97 258 364 553 728 3 409 166 440 383 820 516 184 667 316 476 405 137 82 866 156 809 442 778 273 499 230 838 231 68 296 14 382 422 929 149 172 575 829 607 164 178 244 811 816 929 487 0 260 362 691 
690 69 769 557 583 256 212 373 839 739 668 146 410 19 686 447 562 482 5 762 559 397 244 100 184 33 178 766 122 747 787 739 346 792 671 16 253 243 82 578 846 407 154 105 268 808 518 442 35 836 743 830 728 968 595 371 373 516 307 766 628 738 516 380 773 260 0 816 38 
856 559 583 435 284 246 864 655 172 360 137 620 199 260 31 219 328 450 456 890 719 860 522 974 503 408 65 478 555 123 715 646 988 519 499 962 72 286 198 29 42 65 408 817 425 783 177 395 467 14 495 141 599 870 541 860 16 233 674 893 973 462 458 600 768 362 816 0 377 
213 567 759 166 362 231 768 534 580 333 587 141 258 818 874 173 261 442 897 62 947 651 406 556 926 301 2 265 217 600 612 733 501 771 124 45 885 696 189 307 583 481 26 344 605 175 474 334 414 149 843 208 183 482 884 45 68 542 996 875 530 344 5 774 455 691 38 377 0 
1 0 0 0 1 0 0 1 0 0 1 1 0 0 1 0 1 1 1 1 0 1 1 0 0 0 1 1 0 1 0 0 0 1 0 0 1 0 1 1 1 0 1 0 1 0 1 0 1 1 1 1 1 1 0 0 1 1 1 0 0 0 0 0 1 1 1 0 0 