13
0 3 24 33 4 42 37 15 22 11 22 11 2 
3 0 16 14 23 19 35 28 1 33 5 19 40 
24 16 0 2 10 42 22 40 27 15 33 9 31 
33 14 2 0 13 7 24 18 20 14 40 5 26 
4 23 10 13 0 40 39 8 22 14 24 37 42 
42 19 42 7 40 0 20 15 7 28 14 38 3 
37 35 22 24 39 20 0 33 38 4 16 5 16 
15 28 40 18 8 15 33 0 35 23 40 4 27 
22 1 27 20 22 7 38 35 0 41 3 16 3 
11 33 15 14 14 28 4 23 41 0 40 42 21 
22 5 33 40 24 14 16 40 3 40 0 41 30 
11 19 9 5 37 38 5 4 16 42 41 0 29 
2 40 31 26 42 3 16 27 3 21 30 29 0 
